# Blender 3.6.0
# www.blender.org
mtllib Controller_Left_LowPoly.mtl
o left_quest2_mesh
v -0.022319 -1.331564 -0.017856
v -0.940481 -0.991506 0.000405
v -0.259658 -0.793210 -0.080903
v -0.733676 -0.768995 -0.099218
v -0.444855 -1.732398 0.041760
v -0.958884 -1.439852 0.073529
v -0.966955 -0.923980 0.326438
v -1.011433 -1.467001 0.053821
v -0.075056 -0.845272 0.222220
v -0.181497 -1.632706 -0.023975
v -0.341080 -1.774936 0.337009
v -0.225327 -0.734351 -0.100023
v 0.312129 -0.905518 2.995781
v 0.414415 -1.581050 3.883981
v -0.145218 -0.808923 2.727036
v -0.463354 -1.762952 2.389245
v -0.391962 -2.591074 2.014866
v 0.022924 -3.313920 2.166597
v -0.064286 -3.393349 3.186490
v 0.041114 -2.060480 3.748724
v -0.438579 -1.624162 4.048020
v -0.744859 -0.887228 2.943060
v -1.180497 -2.338470 2.377569
v -1.010537 -3.376525 2.319532
v -1.099612 -3.492027 3.161513
v -0.961984 -2.454016 3.754825
v -1.520980 2.638787 0.916115
v -1.914051 1.564796 1.770934
v -1.565015 1.104064 2.473974
v -0.309506 1.090885 3.165154
v 0.968567 1.306929 2.255496
v 1.030425 1.721880 1.608158
v -0.135336 2.888602 0.780581
v 0.064921 2.327283 3.316569
v -0.849571 3.063691 0.946634
v -1.796174 2.155311 2.452883
v -1.072729 2.288628 3.273238
v 1.072447 2.055065 1.825202
v 0.189504 2.934484 1.014837
v -0.177444 -2.308446 3.586621
v 0.027871 -1.613608 4.072661
v 0.226396 -1.689843 3.792394
v -0.446379 -2.340068 3.831011
v -0.260618 -3.225857 3.159297
v -0.538331 -3.421336 3.334786
v -0.201182 -3.585563 2.641958
v -0.492087 -3.819862 2.725740
v -0.495280 -2.860594 1.890266
v -0.454361 -3.599900 2.020809
v -0.857323 -2.934232 1.936566
v -0.682850 -1.989418 2.343041
v -1.039877 -1.965671 2.371235
v -0.516989 -1.249495 2.754008
v -0.904934 -1.159264 2.693552
v -0.625554 -0.757466 2.796487
v -0.133477 -0.987621 3.145912
v 0.085027 -1.163951 3.005076
v -1.178560 2.807403 0.706193
v -0.882689 2.874911 0.636684
v -0.875474 2.878111 0.633764
v -0.414899 2.908511 0.584405
v 0.490392 1.293263 2.904185
v -0.671922 1.190289 2.871565
v -0.189082 1.229068 3.190455
v -0.189082 1.229068 3.190455
v -0.656912 1.175563 3.115974
v -0.980377 1.138569 3.064478
v -1.296507 1.134955 2.854035
v -1.953521 1.496917 2.234865
v -1.891664 1.346763 2.115920
v -0.944692 1.288897 3.256114
v -0.878541 1.145320 3.130633
v -0.189883 1.396976 3.299186
v -0.189082 1.229068 3.190455
v 1.107874 1.641067 1.666236
v 1.109341 1.826615 1.779458
v 0.490392 1.293263 2.904185
v 0.619011 1.449318 2.986274
v -0.189883 1.396976 3.299186
v -0.189082 1.229068 3.190455
v -0.892510 3.063349 0.740378
v -1.843582 2.559325 1.163682
v -0.917625 2.967370 0.565305
v -1.820730 2.335249 1.103391
v -1.941772 1.515018 2.226594
v -1.886052 1.366479 2.103303
v 1.002273 1.683620 1.691418
v 1.080364 1.840712 1.788133
v 0.713812 2.566399 1.019829
v 0.606416 2.454769 0.873825
v -0.885489 3.208954 0.611906
v -0.876022 2.990022 0.559842
v -0.740148 1.504909 1.948706
v -1.718182 1.267159 2.347742
v -0.718552 1.363407 2.209025
v -1.840055 1.392097 2.111119
v -1.940584 1.665373 1.745494
v -0.740148 1.504909 1.948706
v -0.775098 1.790876 1.570682
v -1.840055 1.392097 2.111119
v -0.692605 1.243107 2.559488
v -1.296507 1.134955 2.854035
v -1.546313 1.176388 2.603725
v -0.718552 1.363407 2.209025
v -1.546313 1.176388 2.603725
v -0.692605 1.243107 2.559488
v -1.718182 1.267159 2.347742
v -1.483705 2.641873 0.848720
v -0.847373 2.529381 0.900684
v -0.864808 2.722840 0.750694
v -1.721253 2.434484 1.026957
v -1.178560 2.807403 0.706193
v -0.864808 2.722840 0.750694
v -0.875814 2.847486 0.657911
v -1.483705 2.641873 0.848720
v -1.942751 1.940880 1.457332
v -0.775098 1.790876 1.570682
v -0.806014 2.088942 1.270580
v -1.940584 1.665373 1.745494
v -1.874686 2.174101 1.246086
v -0.806014 2.088942 1.270580
v -0.828469 2.323353 1.066192
v -1.942751 1.940880 1.457332
v -1.721253 2.434484 1.026957
v -0.828469 2.323353 1.066192
v -0.847373 2.529381 0.900684
v -1.874686 2.174101 1.246086
v -0.670456 1.173921 3.147920
v 0.841247 1.362980 2.480006
v -0.692605 1.243107 2.559488
v 0.490392 1.293263 2.904185
v 1.015751 1.530393 1.968360
v -0.718552 1.363407 2.209025
v 0.841247 1.362980 2.480006
v -0.692605 1.243107 2.559488
v -0.740148 1.504909 1.948706
v 1.015751 1.530393 1.968360
v 1.002273 1.683620 1.691418
v -0.718552 1.363407 2.209025
v -0.864808 2.722840 0.750694
v -0.414899 2.908511 0.584405
v -0.875814 2.847486 0.657911
v -0.054275 2.828878 0.622315
v -0.847373 2.529381 0.900684
v -0.054275 2.828878 0.622315
v -0.864808 2.722840 0.750694
v 0.314899 2.655594 0.732740
v -0.828469 2.323353 1.066192
v 0.314899 2.655594 0.732740
v -0.847373 2.529381 0.900684
v 0.508757 2.514121 0.836261
v -0.806014 2.088942 1.270580
v 0.508757 2.514121 0.836261
v -0.828469 2.323353 1.066192
v 0.739326 2.290226 1.016700
v -0.775098 1.790876 1.570682
v 1.002273 1.683620 1.691418
v 0.925291 1.973978 1.315639
v -0.740148 1.504909 1.948706
v -0.775098 1.790876 1.570682
v 0.739326 2.290226 1.016700
v -0.806014 2.088942 1.270580
v 0.925291 1.973978 1.315639
v -2.210543 1.410601 2.180870
v -1.963957 1.150716 2.692169
v -1.916905 1.530874 2.232475
v -1.519962 1.058086 3.155653
v -1.628777 1.304430 2.752330
v -0.892938 1.110734 3.489665
v -0.898850 1.284335 3.227634
v -0.189883 1.396976 3.299186
v -0.152939 1.232764 3.546194
v 1.137531 1.873423 1.834936
v 1.355742 1.580608 2.021657
v 1.383439 1.777620 1.648897
v 1.149602 1.391038 2.677003
v 0.908408 1.536055 2.555056
v 0.702746 1.336575 3.201470
v 0.532334 1.468216 2.991974
v -0.189883 1.396976 3.299186
v -0.152939 1.232764 3.546194
v 1.080364 1.840712 1.788133
v 1.383439 1.777620 1.648897
v 1.385712 2.259420 1.078178
v 0.952179 2.297130 1.283934
v 0.791013 2.894485 0.563238
v 0.458833 2.753926 0.886064
v -0.209242 3.222920 0.481133
v -0.228860 3.038776 0.697314
v -0.883897 3.047432 0.748384
v -0.932456 3.222003 0.524992
v -0.932456 3.222003 0.524992
v -0.883897 3.047432 0.748384
v -1.521068 3.048079 0.673853
v -1.357543 2.887729 0.880408
v -1.765182 2.579752 1.156956
v -2.338322 2.501104 1.049679
v -2.394320 1.867946 1.622826
v -1.985695 2.180859 1.486020
v -2.210543 1.410601 2.180870
v -1.978979 1.579281 2.260851
v 0.166165 -0.231701 2.796565
v -0.205698 1.306929 3.432800
v 1.132389 1.381507 2.710319
v 0.598077 -1.007846 3.510705
v 2.226983 1.406284 1.111213
v 1.272169 1.654839 1.574922
v 3.040969 0.536195 -0.147114
v 2.982125 -0.590951 -0.067124
v 2.502339 -1.874282 0.065813
v 2.527466 -1.811532 1.545438
v 1.805331 -2.705625 0.233748
v 2.042752 -0.583814 2.304072
v 0.951162 -3.008634 5.792540
v 1.712813 -2.951747 5.288772
v 0.764712 -4.896007 7.117306
v 0.867014 -6.109445 7.273574
v 2.407940 -5.079703 5.750804
v 1.575446 -5.566467 7.094693
v 0.865415 -7.107538 6.738340
v 1.726437 -6.979492 6.392210
v 1.995830 -7.038323 5.052318
v 0.932393 -7.586486 5.015102
v 1.267382 -6.473871 3.018034
v 2.375219 -5.311664 3.533509
v 0.931912 -3.294224 0.310591
v 0.044934 -3.498829 0.484341
v -0.222054 -3.839180 1.311109
v 0.157285 -6.791924 4.117347
v 0.880021 -6.259402 7.266181
v -0.216507 -6.501777 5.547589
v 0.127216 -7.030951 6.525115
v 0.907106 -3.931463 6.467327
v 0.172230 -4.566996 6.864758
v 0.925483 -2.682926 5.512177
v -0.301920 -4.506459 5.862185
v 0.650596 -1.082901 3.691232
v -0.596828 -3.454975 3.315154
v 0.212269 -0.403724 2.956552
v -0.124817 -0.981238 3.152825
v -0.391052 -3.887590 2.675261
v -0.541426 -3.652449 2.022920
v -0.701301 -3.171011 1.883550
v -0.913437 -2.762098 2.012795
v -1.038373 -1.967732 2.367050
v -2.421703 -2.975545 0.666913
v -0.905169 -1.160706 2.691097
v -3.512274 -1.925725 0.750414
v -0.168842 1.269060 3.540577
v -1.706154 1.058882 3.054801
v -2.063486 1.208613 2.619635
v -2.960637 -1.010670 1.770677
v -2.344612 1.495869 2.296423
v -4.195141 -0.380925 0.761585
v 1.364298 1.727848 1.650335
v 2.526012 1.110912 0.642718
v 1.385785 2.232731 1.066067
v 3.330293 0.247547 -0.609919
v 3.726032 -1.131609 -2.139843
v 3.343819 -2.372786 -3.435654
v 3.540813 -1.480980 -4.109910
v 2.110281 -3.736980 -4.602809
v -0.317825 -4.651067 -4.956731
v -0.716800 -4.167295 -5.628097
v -2.057217 -4.770087 -4.572591
v 0.196265 -3.434785 -6.103429
v -3.834108 -4.163395 -3.463906
v -2.699501 -3.402606 -5.609663
v -1.029627 -2.371342 -6.167866
v -2.212494 -2.407338 -5.903061
v -3.243341 -2.220020 -5.447812
v 0.238745 -2.079424 -6.179233
v 1.541903 -1.440224 -5.902547
v 2.687366 -1.834585 -5.277453
v 2.269898 -0.833650 -5.375908
v 2.966621 0.146034 -4.580238
v 3.704228 0.344135 -3.306919
v 3.174047 1.388407 -3.277410
v 3.589729 1.244214 -1.832638
v 2.436800 2.674752 -1.705259
v 2.238609 2.610371 -0.479927
v 1.351702 3.325341 -0.769309
v 0.801642 2.904396 0.571267
v -1.019937 3.522665 0.040036
v -0.207131 3.227268 0.484115
v -0.933757 3.226819 0.527904
v -0.932456 3.222003 0.524992
v -1.522043 3.045978 0.673710
v -1.035025 3.505760 0.002735
v -2.423660 3.206055 0.046444
v -2.328143 2.477884 1.030003
v -2.408216 1.871739 1.659054
v -3.841851 2.450512 -0.373778
v -2.982187 0.956479 1.852445
v -2.210543 1.410601 2.180870
v -5.042548 1.046908 -1.523578
v -4.768104 0.943722 0.081025
v -4.393419 -0.699377 0.415861
v -5.546895 -0.617502 -1.420505
v -5.207549 -0.514441 -3.114444
v -4.769518 -1.689155 -0.572789
v -5.070308 -1.014630 -3.746673
v -4.763721 -2.844043 -1.807746
v -4.368548 -1.674200 -4.571561
v -5.226392 -2.352052 -2.779119
v -4.329954 -2.838923 -4.562845
v -0.652981 -2.069666 -6.011417
v 1.079999 -1.500210 -5.792584
v 0.330526 -1.771657 -6.015390
v 2.845257 0.275220 -4.359266
v 2.016174 -0.729596 -5.359132
v 2.152036 2.643970 -1.667546
v 2.920034 1.559639 -3.178167
v 1.214498 2.698732 -0.376341
v 0.299734 3.095560 -0.324971
v 2.281703 1.653682 -0.388801
v -1.023152 3.201935 -0.251771
v 1.032384 3.318643 -0.840497
v -1.051031 3.368695 -0.247632
v 2.915768 1.352456 -3.254154
v 2.623576 0.185365 -0.347736
v 3.375545 -0.669707 -1.521291
v 2.450016 -0.314142 -4.884993
v 3.379687 -1.738065 -2.700322
v 0.813845 -1.642117 -5.863655
v 2.702645 -2.913737 -3.810259
v 1.818094 -3.679808 -4.375449
v -0.636544 -2.117778 -5.985772
v -0.186842 -4.492715 -4.744156
v -0.659545 -2.072308 -6.084268
v -0.639708 -2.125641 -6.001649
v -3.228997 -2.026607 -5.365590
v -3.346440 -2.057566 -5.220836
v -5.085266 -0.193509 -2.958619
v -5.039329 -0.292462 -2.936060
v -4.682215 1.304343 -1.465495
v -3.046799 2.762385 -0.363218
v -3.558295 1.281710 0.256609
v -2.919582 2.243764 0.094589
v -4.444689 1.515369 -1.139524
v -3.820970 0.337977 0.392326
v -1.949612 2.946020 -0.065214
v -1.056457 3.385485 -0.235989
v -1.014271 3.192305 -0.193488
v -3.792024 -0.537804 0.482159
v -4.189347 -1.006010 0.056177
v -4.569299 -2.789759 -1.798727
v -5.027694 0.026250 -2.596977
v -4.454037 -1.284447 -4.099468
v -3.226912 -2.030436 -5.226977
v -3.457522 -4.059204 -3.457065
v -1.821234 -2.240180 -5.809027
v -2.018563 -4.523916 -4.324498
v -0.636535 -2.116780 -5.983954
v -0.200512 -4.478725 -4.739659
v -4.038960 -0.838940 0.189688
v -4.155239 -0.369158 0.739852
v -4.400343 -0.727631 0.379694
v -3.816709 -0.581304 0.456401
v -3.816709 -0.581304 0.456401
v -4.028471 -0.871837 0.754314
v -4.155239 -0.369158 0.739852
v -3.650717 -0.910773 0.464303
v -3.650717 -0.910773 0.464303
v -4.028471 -0.871837 0.754314
v -3.272044 -1.846245 0.481592
v -3.672280 -1.697306 0.784254
v -2.237658 -2.762663 0.491251
v -2.776285 -2.757551 0.751609
v -1.189223 -3.188306 0.408122
v -1.517939 -3.429967 0.634800
v -0.554566 -3.552518 0.548150
v -0.021197 -3.204490 0.277122
v 0.521290 -3.418608 0.418207
v 0.989517 -2.854662 0.137652
v 1.613914 -2.860939 0.250581
v 1.642519 -2.379261 0.016575
v 2.259803 -1.587360 -0.121963
v 2.178684 -2.330959 0.156222
v 2.746549 -1.414483 0.037470
v 2.591587 -0.607341 -0.248742
v 2.648051 0.183331 -0.330773
v 3.052423 -0.327958 -0.078383
v 3.046344 0.553484 -0.135624
v 2.635963 0.179553 -0.325554
v 2.839560 0.146181 -0.479344
v 3.058120 0.562282 -0.136247
v 3.378885 -0.650212 -1.459219
v 3.577320 -0.385710 -1.342974
v 3.400122 -1.724787 -2.671848
v 3.589505 -1.732994 -2.799921
v 2.782651 -2.808966 -3.745479
v 3.013949 -2.728136 -3.860075
v 1.832294 -3.796986 -4.357257
v 1.945592 -3.823075 -4.589789
v 0.691429 -4.358404 -4.895609
v 0.642159 -4.241708 -4.693863
v -0.564524 -4.519299 -4.708600
v -0.594292 -4.676687 -4.913489
v -2.088373 -4.534769 -4.293654
v -2.188453 -4.652873 -4.482440
v -3.214494 -4.171784 -3.638644
v -3.392353 -4.299670 -3.751624
v -3.795040 -3.801504 -3.097476
v -4.015744 -3.904965 -3.168476
v -4.295574 -3.247150 -2.358568
v -4.514542 -3.297772 -2.356704
v -4.528340 -2.644039 -1.650496
v -4.776484 -2.656580 -1.617934
v -4.510182 -1.750483 -0.667041
v -4.777722 -1.722332 -0.580220
v -4.400343 -0.727631 0.379694
v -4.038960 -0.838940 0.189688
v 1.265274 -1.925815 0.018182
v 0.950240 -1.695640 -0.038569
v 1.639578 -1.826275 -0.056424
v 0.964766 -1.303592 -0.005655
v 1.729217 -1.321972 -0.106716
v 1.278823 -1.068378 -0.056947
v 1.695733 -1.741290 -0.050873
v 1.146823 -1.879789 0.094601
v 1.683212 -1.276037 -0.087504
v 1.098725 -1.140701 0.039750
v 1.590012 -1.132986 -0.009676
v 1.544360 -1.894873 0.056852
v 1.266153 -1.914687 0.007280
v 0.912829 -1.552958 0.091520
v 1.777992 -1.550775 0.005086
v 0.954083 -1.650965 0.015652
v 1.008507 -1.255869 -0.021273
v 1.347292 -1.099746 -0.068934
v -0.656243 -2.068234 -6.067856
v -0.650315 -2.302562 -6.194592
v -1.898780 -2.439179 -5.992041
v -1.803058 -2.183264 -5.882702
v -3.297981 -2.202786 -5.433923
v -3.267226 -1.964651 -5.270954
v -4.164267 -1.462833 -4.515515
v -4.368548 -1.674200 -4.571561
v -5.063859 -0.920041 -3.588436
v -4.769825 -0.792968 -3.591442
v -5.238977 0.285296 -2.250704
v -5.001646 0.256857 -2.439895
v -4.804523 1.407505 -1.219423
v -4.612391 1.401401 -1.433094
v -3.828465 2.417712 -0.404628
v -3.780930 2.235007 -0.728335
v -2.989336 2.901974 -0.089992
v -2.879247 2.855158 -0.342023
v -2.069523 3.263100 0.054221
v -1.035594 3.505409 0.006138
v -1.523080 3.297079 -0.200860
v -1.051541 3.367343 -0.251127
v 0.299329 -1.802289 -6.005287
v -0.650315 -2.302562 -6.194592
v -0.656243 -2.068234 -6.067856
v 0.319302 -2.050567 -6.165181
v 1.335862 -1.253270 -5.722089
v 1.522806 -1.439597 -5.822464
v 2.170302 -0.543322 -5.204074
v 2.320275 -0.783732 -5.337794
v 2.656615 0.191633 -4.542215
v 2.911743 0.099261 -4.568968
v 2.862133 1.058602 -3.586769
v 3.161770 1.141776 -3.512518
v 2.618129 2.070803 -2.537426
v 2.877367 2.153336 -2.413162
v 1.962877 2.772110 -1.650392
v 2.283000 2.815230 -1.550848
v 0.937185 3.270415 -0.860781
v 1.143331 3.387582 -0.675098
v -0.262884 3.425962 -0.404275
v -0.232739 3.551200 -0.127588
v -1.051541 3.367343 -0.251127
v -1.033807 3.497620 -0.003851
v 1.171783 -1.864072 0.104333
v -0.022015 -3.205493 0.275801
v -1.192466 -3.191641 0.402774
v -0.389186 -1.778404 0.224743
v -2.253116 -2.762038 0.480321
v -3.109941 -2.003595 0.499538
v -0.998952 -1.392060 0.246240
v -3.573738 -1.158476 0.478453
v -3.650717 -0.910773 0.464303
v -3.748000 0.613183 0.336829
v -3.557930 1.268096 0.254782
v 2.260657 -1.586574 -0.123003
v 0.885705 -1.221087 -0.004325
v -3.090651 2.037965 0.133387
v -2.402308 2.681649 -0.005400
v -1.679896 3.032606 -0.112574
v -0.816312 3.218212 -0.224350
v 0.518296 3.030039 -0.352986
v 0.306377 -0.412352 0.012402
v 1.684871 0.436579 -0.194735
v 2.451295 1.139616 -0.393586
v 2.652453 -0.272261 -0.285786
v 0.467046 0.987348 -0.125673
v 1.627942 2.338050 -0.411212
v 1.678469 -1.263481 -0.006903
v 1.642103 -2.378999 0.017251
v -3.786877 -0.553956 0.448847
v -1.605562 0.545301 0.137925
v 0.930063 -1.490763 0.088454
v 0.988894 -2.857882 0.132448
v -1.675534 -0.052874 0.324212
v -1.462553 -0.284240 0.321982
v -1.155855 -0.347489 0.294094
v -1.713446 0.258241 0.299931
v -0.872589 -0.218457 0.251200
v -1.561809 0.530263 0.258415
v -0.720952 0.053565 0.209683
v -1.278543 0.659294 0.215521
v -0.758865 0.364679 0.185403
v -0.971846 0.596046 0.187633
v -0.841050 -1.547740 0.369264
v -0.567839 -1.702629 0.353430
v -0.257676 -1.668045 0.316217
v -0.972952 -1.262541 0.357671
v -0.029035 -1.457198 0.271840
v -0.913164 -0.955968 0.323079
v 0.030754 -1.150625 0.237248
v -0.684522 -0.745121 0.278702
v -0.101149 -0.865426 0.225656
v -0.374359 -0.710537 0.241489
v -0.801285 0.521463 0.090480
v -0.988504 -0.370182 0.158812
v -1.681484 -0.164388 0.214745
v -0.784283 -0.733037 0.151775
v 0.047935 -0.988844 0.102580
v 1.517177 -1.889884 0.070303
v 1.708635 -1.699617 0.027849
v 1.308314 -1.076174 0.018105
v -0.762340 0.184287 -0.076375
v -1.012727 0.560441 -0.150490
v -1.324109 0.636253 -0.162157
v -1.040347 -0.328084 -0.020775
v -1.693950 0.376595 -0.020526
v -1.610409 -0.202503 0.047341
v -0.900770 0.491245 -0.139188
v -1.738776 0.404272 -0.037400
v -0.847448 -0.240345 0.251689
v -1.047928 0.710487 0.187412
v -1.731794 -0.079216 0.333180
v -1.007300 -0.399964 -0.044754
v 0.781221 0.808826 -0.815826
v 0.368544 0.682723 -0.815042
v 1.180040 0.675784 -0.897179
v 0.172035 0.309949 -0.726609
v 1.416905 0.192189 -0.862232
v 1.100099 -0.357133 -0.773637
v 0.564948 -0.394910 -0.728795
v 0.678660 0.821360 -0.439798
v 0.862543 0.714344 -0.330963
v 0.524222 0.059248 -0.235357
v 0.702474 0.751391 -0.806016
v 0.177438 0.307513 -0.724701
v 0.570944 -0.385681 -0.706615
v 0.127604 -0.056638 -0.489886
v 1.327559 -0.117382 -0.816385
v 1.191952 0.049282 -0.304616
v 1.126305 -0.418037 -0.525233
v 1.173423 0.673732 -0.869835
v 1.487488 0.269444 -0.639863
v 0.660344 0.852124 -0.860536
v 1.214123 0.652538 -0.578115
v 0.733484 0.876385 -0.377501
v 0.096280 0.000042 0.301130
v 0.473489 -0.448693 0.301268
v 0.092628 0.583492 0.247566
v 1.047753 -0.552743 0.247916
v 0.550146 0.489326 -0.255664
v 0.558088 0.007573 -0.206209
v 1.031323 -0.082858 -0.255280
v 1.550368 -0.263423 0.166037
v 1.746155 0.283890 0.093943
v 1.229812 0.239714 -0.354679
v 1.543503 0.833104 0.065369
v 1.027167 0.573040 -0.315668
v 1.037235 1.127234 0.093683
v 0.464240 1.028655 0.165639
v 0.217496 -0.125115 -0.750821
v -3.793800 -0.263261 0.420860
vn -0.0740 -0.0180 -0.9971
vn 0.1060 -0.1397 -0.9845
vn -0.0115 -0.3083 -0.9512
vn -0.2674 -0.2270 -0.9365
vn -0.1648 -0.0333 -0.9858
vn -0.0922 -0.3382 -0.9365
vn -0.7271 -0.1890 0.6600
vn -0.5194 -0.6046 0.6039
vn -0.4451 -0.6260 0.6403
vn -0.7658 0.3338 -0.5497
vn -0.4081 0.6734 -0.6165
vn -0.7654 0.2801 -0.5794
vn 0.6124 -0.4699 -0.6358
vn 0.8782 0.0123 -0.4781
vn 0.8935 0.0069 -0.4490
vn 0.1925 -0.4024 0.8950
vn 0.1928 -0.4177 0.8879
vn 0.1875 -0.4792 0.8574
vn -0.9147 0.3768 0.1461
vn -0.9003 0.3660 0.2357
vn -0.9298 0.3300 0.1629
vn -0.9499 0.1676 0.2640
vn -0.9853 -0.0468 0.1643
vn -0.9896 0.0099 0.1438
vn -0.3419 0.4473 -0.8264
vn -0.3118 0.4047 -0.8597
vn -0.3395 0.3876 -0.8570
vn -0.1878 -0.4230 -0.8865
vn -0.2218 -0.0958 -0.9704
vn -0.1145 -0.4755 -0.8722
vn 0.1806 -0.8951 -0.4076
vn 0.1909 -0.9802 0.0531
vn 0.1209 -0.9842 0.1290
vn 0.1349 -0.4006 0.9063
vn 0.1198 -0.4358 0.8920
vn 0.1619 -0.3893 0.9068
vn -0.8958 0.2493 0.3680
vn -0.9018 0.2834 0.3264
vn -0.8881 0.2766 0.3670
vn -0.0146 0.9531 0.3022
vn -0.1351 0.9664 0.2187
vn 0.0531 0.9641 0.2602
vn 0.6058 -0.3214 -0.7278
vn 0.5689 -0.0652 -0.8198
vn 0.5787 0.0369 -0.8147
vn 0.1866 0.9278 0.3231
vn -0.0932 0.9664 0.2395
vn 0.1758 0.9559 0.2354
vn -0.8285 -0.1382 0.5426
vn -0.6057 -0.2895 0.7411
vn -0.5298 -0.2327 0.8156
vn -0.1567 -0.2552 0.9541
vn 0.0943 -0.1121 0.9892
vn -0.2079 -0.1652 0.9641
vn 0.6302 -0.1317 0.7651
vn 0.4857 -0.2449 0.8391
vn 0.7639 -0.1228 0.6335
vn 0.3014 0.8817 -0.3630
vn 0.0246 0.8527 -0.5219
vn -0.0871 0.8959 -0.4356
vn 0.0655 0.9148 0.3985
vn 0.0246 0.8664 0.4987
vn 0.0380 0.8904 0.4536
vn -0.5869 0.5733 -0.5717
vn -0.6049 0.4982 -0.6212
vn -0.6184 0.4860 -0.6176
vn -0.5918 0.4397 -0.6756
vn -0.6606 0.3403 -0.6691
vn -0.6618 0.3361 -0.6701
vn -0.6340 0.5412 -0.5524
vn -0.6862 0.6372 -0.3509
vn -0.6465 0.6711 -0.3629
vn -0.8581 0.0508 0.5109
vn -0.9635 0.1017 0.2476
vn -0.8320 -0.0862 0.5480
vn -0.0119 0.3219 0.9467
vn 0.0891 0.0705 0.9935
vn 0.1418 0.0755 0.9870
vn 0.0307 -0.3592 0.9327
vn 0.0464 -0.3972 0.9166
vn 0.0459 -0.3966 0.9169
vn -0.2146 -0.3381 0.9163
vn -0.2055 -0.2992 0.9318
vn -0.2103 -0.2942 0.9323
vn -0.7086 -0.6389 -0.2995
vn -0.6957 -0.6605 -0.2824
vn -0.6992 -0.6613 -0.2717
vn -0.6283 -0.2035 0.7509
vn -0.7482 -0.1740 0.6402
vn -0.0886 0.9960 0.0130
vn -0.1239 0.9900 0.0673
vn -0.1085 0.9898 0.0919
vn -0.1122 0.9900 0.0860
vn -0.0909 0.9886 0.1196
vn -0.0940 0.9894 0.1109
vn 0.6683 0.6473 -0.3666
vn 0.5128 0.6589 -0.5504
vn 0.5027 0.6696 -0.5467
vn 0.0772 0.6625 -0.7450
vn -0.0139 0.6544 -0.7561
vn 0.0689 0.6793 -0.7306
vn -0.9662 0.1856 -0.1788
vn -0.8409 0.2465 -0.4818
vn -0.9700 0.1657 -0.1779
vn -0.4927 0.5209 -0.6971
vn -0.3388 0.5103 -0.7905
vn 0.6002 -0.2602 0.7563
vn 0.6745 -0.0668 0.7353
vn 0.4992 -0.2256 0.8366
vn 0.9831 -0.0211 0.1821
vn 0.9869 0.1573 0.0353
vn 0.9811 -0.0219 0.1922
vn -0.8422 0.1240 0.5247
vn -0.8074 0.0025 0.5900
vn -0.7934 0.0141 0.6085
vn -0.3559 -0.2040 0.9120
vn -0.1769 -0.2917 0.9400
vn -0.1685 -0.2819 0.9445
vn -0.0201 0.8798 0.4749
vn 0.0060 0.8018 0.5976
vn -0.0643 0.9722 0.2251
vn -0.0402 0.9329 0.3578
vn 0.0458 0.6205 0.7829
vn 0.0482 0.5993 0.7991
vn 0.0258 0.7227 0.6907
vn 0.0359 0.6651 0.7459
vn 0.0440 0.6280 0.7770
vn -0.0917 0.9808 0.1721
vn -0.0567 0.9430 0.3279
vn -0.0181 0.8778 0.4787
vn 0.0482 0.5990 0.7993
vn 0.0485 0.6081 0.7923
vn 0.0439 0.6284 0.7766
vn 0.0396 0.6514 0.7577
vn 0.0072 0.7978 0.6029
vn 0.0325 0.6966 0.7167
vn -0.4277 0.7176 0.5496
vn -0.4323 0.7333 0.5248
vn -0.4451 0.7253 0.5252
vn -0.2963 0.8015 0.5195
vn -0.3637 0.7779 0.5124
vn -0.2855 0.7995 0.5284
vn -0.1762 0.8074 0.5631
vn -0.2234 0.8202 0.5266
vn 0.2257 0.8535 0.4696
vn 0.2582 0.8263 0.5006
vn 0.2260 0.8527 0.4711
vn 0.3194 0.8893 0.3273
vn 0.1674 0.9001 0.4023
vn 0.1825 0.8916 0.4143
vn 0.1407 0.8801 0.4535
vn 0.1154 0.8351 0.5379
vn 0.3602 0.6956 0.6217
vn 0.3495 0.7153 0.6052
vn 0.3488 0.6912 0.6329
vn 0.3461 0.7846 0.5143
vn 0.2977 0.8062 0.5112
vn 0.3440 0.7797 0.5233
vn 0.2253 0.8044 0.5497
vn 0.1673 0.8317 0.5295
vn 0.2323 0.7978 0.5564
vn 0.0360 0.7912 0.6105
vn 0.0633 0.7736 0.6305
vn -0.0750 0.7581 0.6479
vn -0.1143 0.7482 0.6536
vn -0.1127 0.7438 0.6588
vn -0.2017 0.8109 0.5493
vn -0.2415 0.7674 0.5939
vn -0.2384 0.7633 0.6005
vn -0.2094 0.7105 0.6718
vn -0.2363 0.6862 0.6879
vn -0.2385 0.6816 0.6918
vn -0.3591 0.7413 0.5670
vn -0.3681 0.7481 0.5522
vn -0.3808 0.7475 0.5442
vn 0.3970 -0.1267 0.9090
vn 0.4389 -0.0684 0.8959
vn 0.2876 -0.0563 0.9561
vn 0.4092 -0.1991 0.8904
vn 0.4115 0.1648 0.8964
vn 0.3771 0.1532 0.9134
vn 0.9091 -0.4163 -0.0139
vn 0.9555 -0.2352 -0.1779
vn 0.8120 -0.5666 -0.1398
vn 0.5871 0.6524 0.4792
vn 0.3288 0.7653 0.5533
vn 0.3786 0.7000 0.6056
vn 0.8412 0.4176 0.3434
vn 0.9774 0.0725 0.1984
vn 0.9870 0.1142 0.1135
vn 0.4568 0.5167 0.7242
vn 0.6045 0.2764 0.7471
vn 0.6821 0.4512 0.5755
vn 0.8297 0.3222 0.4559
vn 0.5623 0.5402 0.6261
vn 0.5382 0.3210 0.7793
vn 0.6187 -0.4645 0.6336
vn 0.4249 -0.3727 0.8250
vn 0.3882 -0.6090 0.6917
vn 0.9700 -0.1803 0.1629
vn 0.9280 -0.3727 0.0016
vn 0.9652 -0.2199 -0.1413
vn -0.0034 -0.9968 -0.0795
vn 0.4515 -0.8176 0.3574
vn -0.0863 -0.8634 0.4971
vn 0.8095 -0.5346 -0.2427
vn 0.5380 -0.7019 -0.4668
vn 0.8476 -0.4101 -0.3367
vn 0.9891 0.0403 0.1418
vn 0.9737 -0.2275 0.0090
vn 0.9921 0.1225 0.0283
vn 0.9615 -0.2111 -0.1757
vn 0.8615 -0.3421 -0.3751
vn 0.7962 -0.4207 -0.4348
vn 0.5419 -0.3545 -0.7620
vn 0.8591 -0.2619 -0.4396
vn 0.6054 -0.4847 -0.6313
vn 0.2520 -0.7261 -0.6397
vn -0.0274 -0.7071 -0.7065
vn 0.3632 -0.5690 -0.7378
vn -0.8237 -0.4970 -0.2732
vn -0.4686 -0.5238 -0.7113
vn -0.6724 -0.5829 -0.4561
vn -0.4440 -0.6407 -0.6264
vn -0.1081 -0.6228 -0.7748
vn -0.6768 -0.6460 -0.3530
vn 0.0920 -0.7381 -0.6684
vn 0.5926 -0.7563 -0.2771
vn 0.0134 -0.9462 -0.3234
vn -0.7845 -0.5658 -0.2538
vn -0.2600 -0.9198 -0.2939
vn -0.7456 -0.6505 0.1445
vn -0.9620 -0.1346 0.2378
vn -0.8717 -0.1342 0.4713
vn -0.9077 0.1142 0.4037
vn -0.1093 0.2123 0.9711
vn 0.1171 0.2740 0.9546
vn 0.2085 0.4372 0.8749
vn 0.0210 0.3018 0.9531
vn -0.0936 0.5807 0.8087
vn -0.1178 0.6232 0.7732
vn -0.4067 0.6193 0.6716
vn -0.2247 0.6997 0.6782
vn -0.2351 0.7431 0.6265
vn -0.2577 0.7476 0.6121
vn -0.2993 0.7490 0.5912
vn -0.4568 0.6406 0.6172
vn -0.3498 0.7631 0.5434
vn -0.7513 0.6133 0.2437
vn -0.7898 0.5591 0.2524
vn -0.4021 0.5375 0.7412
vn -0.0979 0.0470 0.9941
vn -0.1723 -0.3372 0.9256
vn -0.9715 0.1722 0.1630
vn -0.9966 -0.0790 0.0213
vn -0.9890 -0.1411 0.0454
vn -0.9625 -0.1746 -0.2076
vn -0.7454 -0.4596 -0.4829
vn -0.9640 -0.2267 -0.1393
vn -0.2164 -0.7946 -0.5672
vn -0.1082 -0.9615 -0.2525
vn -0.1306 -0.9224 -0.3636
vn -0.3735 -0.4926 0.7861
vn -0.4288 -0.3694 0.8244
vn -0.4596 -0.3901 0.7978
vn -0.5536 -0.4303 0.7130
vn -0.4406 -0.5516 0.7082
vn -0.5415 -0.3930 0.7432
vn -0.5599 -0.3936 0.7291
vn -0.4805 -0.5701 0.6664
vn -0.4935 -0.5230 0.6950
vn -0.1316 -0.0705 0.9888
vn -0.1381 -0.2632 0.9548
vn -0.2027 -0.3670 0.9079
vn -0.2216 -0.2085 0.9526
vn -0.2133 -0.2818 0.9355
vn -0.2097 -0.1847 0.9602
vn -0.7716 -0.2328 0.5920
vn -0.7073 0.0806 0.7023
vn -0.7655 0.0556 0.6410
vn -0.5659 -0.1692 0.8069
vn -0.5418 0.1024 0.8342
vn -0.6541 -0.0350 0.7556
vn 0.6249 0.4856 0.6113
vn 0.7274 0.4770 0.4934
vn 0.6801 0.5319 0.5046
vn 0.6321 0.5905 0.5018
vn 0.6603 0.4585 0.5947
vn 0.6858 0.5574 0.4680
vn 0.5455 0.7550 0.3640
vn 0.4454 0.7852 0.4302
vn 0.5229 0.7278 0.4438
vn 0.7576 0.5576 0.3393
vn 0.7977 0.3737 0.4733
vn 0.8565 0.4292 0.2866
vn 0.9685 -0.1391 -0.2065
vn 0.9849 -0.1695 -0.0349
vn 0.9442 -0.3049 -0.1247
vn 0.8679 -0.4077 -0.2838
vn 0.6822 -0.5565 -0.4743
vn 0.8490 -0.2979 -0.4364
vn 0.7536 -0.2470 -0.6092
vn 0.8962 -0.3080 -0.3194
vn 0.7359 -0.5379 -0.4113
vn 0.3084 -0.7393 -0.5986
vn 0.0281 -0.6663 -0.7452
vn 0.2633 -0.5686 -0.7793
vn -0.1200 -0.6240 -0.7721
vn -0.2618 -0.8095 -0.5255
vn -0.3636 -0.5491 -0.7525
vn -0.4374 -0.5871 -0.6812
vn -0.5312 -0.7672 -0.3594
vn -0.6634 -0.4977 -0.5587
vn -0.1500 -0.2212 -0.9636
vn -0.2554 -0.3392 -0.9054
vn -0.2759 -0.1592 -0.9479
vn -0.4617 -0.2217 -0.8589
vn -0.4872 -0.0876 -0.8689
vn -0.3512 -0.0885 -0.9321
vn 0.5961 -0.0462 -0.8016
vn 0.4676 0.0717 -0.8810
vn 0.5732 0.1560 -0.8044
vn 0.8864 -0.0464 -0.4607
vn 0.6815 0.0060 -0.7318
vn 0.7499 0.2391 -0.6169
vn 0.8831 0.2320 -0.4077
vn 0.7685 0.3326 -0.5466
vn 0.8047 0.4184 -0.4212
vn 0.7725 0.6297 0.0819
vn 0.7329 0.6050 0.3113
vn 0.8598 0.4863 0.1555
vn 0.5075 0.7789 0.3684
vn 0.4233 0.7603 0.4927
vn 0.5748 0.7157 0.3966
vn 0.3890 0.9178 0.0799
vn 0.2590 0.9590 0.1155
vn 0.2749 0.9486 0.1568
vn -0.0030 0.8882 0.4595
vn 0.0305 0.8570 0.5143
vn 0.0770 0.8730 0.4816
vn -0.1518 0.8833 0.4436
vn -0.2130 0.8873 0.4091
vn -0.1879 0.8614 0.4720
vn -0.5544 0.5281 0.6432
vn -0.5853 0.6266 0.5146
vn -0.6931 0.4357 0.5743
vn -0.5427 0.5257 0.6551
vn -0.6530 0.4267 0.6257
vn -0.5705 0.4961 0.6545
vn -0.7158 0.0366 0.6974
vn -0.7147 0.0541 0.6973
vn -0.7195 -0.0520 0.6926
vn -0.7102 0.6494 0.2718
vn -0.8487 0.5058 0.1546
vn -0.7965 0.4988 0.3417
vn -0.8403 -0.1521 0.5204
vn -0.8964 -0.1284 0.4243
vn -0.8468 -0.2569 0.4658
vn -0.9799 0.1995 0.0012
vn -0.9520 0.2963 -0.0765
vn -0.9565 0.1974 -0.2150
vn -0.9959 -0.0888 0.0168
vn -0.9668 0.0360 -0.2531
vn -0.9385 -0.1582 -0.3070
vn -0.8741 -0.4439 0.1971
vn -0.9399 -0.2232 0.2583
vn -0.9263 -0.3736 0.0494
vn -0.9992 0.0254 0.0313
vn -0.9351 0.0782 -0.3456
vn -0.9704 -0.1964 -0.1401
vn -0.8781 0.0803 -0.4717
vn -0.7094 -0.0297 -0.7042
vn -0.7629 -0.1955 -0.6163
vn -0.8990 -0.4274 -0.0959
vn -0.7867 -0.4028 -0.4679
vn -0.7267 -0.6556 -0.2052
vn -0.5711 -0.0766 -0.8173
vn -0.6649 -0.2304 -0.7105
vn -0.7011 -0.0313 -0.7124
vn -0.3684 0.9114 -0.1836
vn -0.2857 0.9404 -0.1847
vn -0.3771 0.9053 -0.1956
vn -0.5392 0.7453 -0.3923
vn -0.4148 0.8269 -0.3797
vn -0.5597 0.7136 -0.4212
vn -0.4215 0.5561 -0.7163
vn -0.4216 0.6863 -0.5926
vn -0.3931 0.5386 -0.7452
vn -0.7410 -0.5198 -0.4252
vn -0.6740 -0.5408 -0.5032
vn -0.6525 -0.5489 -0.5224
vn -0.3639 -0.0218 -0.9312
vn -0.2411 0.1469 -0.9593
vn -0.2301 0.0325 -0.9726
vn -0.8835 -0.4060 -0.2336
vn -0.9312 -0.3578 -0.0695
vn -0.9508 -0.2690 -0.1540
vn -0.9863 -0.1650 0.0061
vn -0.9620 -0.2124 0.1717
vn -0.9818 -0.0624 0.1796
vn -0.9377 0.0370 0.3456
vn -0.8582 0.0370 0.5120
vn -0.8564 0.1442 0.4958
vn -0.7227 0.1604 0.6723
vn -0.5864 0.1626 0.7935
vn -0.5860 0.2573 0.7684
vn -0.4247 0.4134 0.8054
vn -0.3020 0.3670 0.8798
vn -0.2456 0.4680 0.8489
vn 0.0186 0.9491 0.3145
vn 0.1924 0.9388 0.2857
vn 0.1960 0.9404 0.2778
vn 0.7900 0.5076 0.3439
vn 0.8702 0.4407 0.2204
vn 0.8723 0.4469 0.1986
vn 0.5036 0.5902 -0.6310
vn 0.5278 0.4645 -0.7111
vn 0.5198 0.4351 -0.7352
vn 0.6421 -0.7601 -0.0992
vn 0.7353 -0.6760 -0.0490
vn 0.6023 -0.7966 -0.0517
vn 0.6867 -0.4906 -0.5365
vn 0.7493 -0.4037 -0.5250
vn 0.7814 -0.3953 -0.4828
vn 0.7837 -0.2860 -0.5514
vn 0.8017 -0.3423 -0.4901
vn 0.7656 -0.3381 -0.5473
vn 0.7231 -0.2032 -0.6602
vn 0.7021 -0.0330 -0.7113
vn 0.8081 -0.0186 -0.5888
vn 0.9327 -0.1085 -0.3441
vn 0.9314 0.0111 -0.3638
vn 0.9729 -0.0031 -0.2314
vn 0.8744 0.3016 0.3800
vn 0.9189 0.3413 0.1980
vn 0.8198 0.4302 0.3780
vn 0.5559 0.4277 0.7128
vn 0.6456 0.4885 0.5870
vn 0.4821 0.5215 0.7040
vn 0.1754 0.4459 0.8777
vn 0.2660 0.5288 0.8060
vn 0.0887 0.5170 0.8514
vn 0.2462 -0.7298 -0.6378
vn 0.3440 -0.7656 -0.5436
vn 0.2019 -0.7212 -0.6626
vn 0.0971 -0.7377 0.6681
vn -0.5976 -0.3187 -0.7357
vn -0.6499 -0.3150 -0.6917
vn -0.6428 -0.2734 -0.7155
vn -0.6429 -0.3314 -0.6906
vn -0.3701 -0.4809 -0.7948
vn -0.4325 -0.4811 -0.7626
vn -0.3621 -0.4783 -0.8001
vn -0.2429 -0.4684 -0.8494
vn -0.2915 -0.4629 -0.8371
vn -0.2401 -0.4690 -0.8499
vn -0.0672 -0.5331 -0.8434
vn -0.1094 -0.5112 -0.8525
vn -0.0568 -0.5273 -0.8478
vn 0.0730 -0.4841 -0.8720
vn 0.0291 -0.4970 -0.8672
vn 0.0868 -0.4770 -0.8746
vn 0.1828 -0.4428 -0.8778
vn 0.1291 -0.4794 -0.8680
vn 0.1890 -0.4377 -0.8790
vn 0.3646 -0.3507 -0.8626
vn 0.4161 -0.3300 -0.8473
vn 0.3678 -0.3586 -0.8579
vn 0.4735 -0.2177 -0.8535
vn 0.4725 -0.2859 -0.8337
vn 0.4683 -0.2188 -0.8560
vn 0.4567 -0.0715 -0.8867
vn 0.4791 -0.0536 -0.8761
vn 0.2889 -0.7025 0.6504
vn 0.2906 -0.6910 0.6619
vn 0.2867 -0.7068 0.6467
vn 0.4839 -0.6209 0.6167
vn 0.4812 -0.6290 0.6105
vn 0.4851 -0.6193 0.6173
vn 0.4910 -0.7402 0.4593
vn 0.4861 -0.7494 0.4495
vn 0.4917 -0.7410 0.4573
vn 0.4915 -0.7907 0.3651
vn 0.5374 -0.7767 0.3284
vn 0.5367 -0.7790 0.3241
vn 0.2524 -0.8100 0.5293
vn 0.1901 -0.8165 0.5452
vn 0.1872 -0.8180 0.5440
vn 0.2215 -0.7798 0.5855
vn 0.1799 -0.7851 0.5926
vn 0.1766 -0.7844 0.5946
vn 0.1306 -0.8704 0.4747
vn 0.1190 -0.8566 0.5022
vn 0.1161 -0.8549 0.5057
vn 0.1609 -0.7673 0.6208
vn 0.1455 -0.7672 0.6246
vn 0.1443 -0.7677 0.6244
vn 0.1426 -0.7387 0.6588
vn 0.1511 -0.7424 0.6527
vn 0.1521 -0.7404 0.6548
vn 0.1673 -0.7395 0.6521
vn 0.1724 -0.7273 0.6643
vn 0.1705 -0.7256 0.6667
vn 0.1365 -0.7274 0.6725
vn 0.1107 -0.7308 0.6735
vn 0.1065 -0.7326 0.6723
vn 0.1397 -0.7267 0.6726
vn 0.1348 -0.7311 0.6688
vn 0.1337 -0.7299 0.6703
vn 0.1372 -0.7193 0.6810
vn 0.1402 -0.7146 0.6853
vn 0.1326 0.0689 -0.9888
vn 0.2530 0.0029 -0.9675
vn 0.2437 -0.0283 -0.9694
vn -0.1632 -0.0149 -0.9865
vn -0.0890 -0.1355 -0.9868
vn -0.2079 -0.0884 -0.9741
vn -0.1371 -0.1626 -0.9771
vn -0.1058 -0.0275 -0.9940
vn -0.0366 -0.0909 -0.9952
vn -0.1450 -0.0269 -0.9891
vn -0.1542 -0.1685 -0.9736
vn -0.2254 -0.0505 -0.9730
vn -0.0656 -0.9415 0.3306
vn 0.0307 -0.9515 0.3062
vn 0.0428 -0.9489 0.3125
vn -0.5258 -0.7056 -0.4750
vn -0.6121 -0.6511 -0.4487
vn -0.6202 -0.6370 -0.4578
vn 0.7598 -0.5213 0.3885
vn 0.8182 -0.4404 0.3697
vn 0.8202 -0.4323 0.3746
vn -0.7401 -0.5681 0.3599
vn -0.8224 -0.5107 0.2505
vn -0.8214 -0.5148 0.2456
vn -0.8589 0.1225 -0.4973
vn -0.8002 0.0372 -0.5986
vn -0.8677 0.1065 -0.4855
vn -0.8078 0.4711 0.3544
vn -0.8523 0.3770 0.3627
vn -0.8040 0.4746 0.3582
vn 0.8976 0.3694 0.2406
vn 0.8548 0.4539 0.2514
vn 0.8995 0.3600 0.2475
vn -0.4536 0.6566 -0.6026
vn -0.3522 0.7053 -0.6152
vn -0.4575 0.6490 -0.6079
vn -0.2158 0.4575 -0.8626
vn -0.1907 0.4451 -0.8749
vn -0.2174 0.4564 -0.8628
vn -0.2402 0.5521 -0.7984
vn -0.2703 0.5682 -0.7772
vn -0.2721 0.5699 -0.7754
vn -0.3667 0.5581 -0.7443
vn -0.3161 0.5504 -0.7728
vn -0.3672 0.5562 -0.7455
vn -0.3070 0.6512 -0.6941
vn -0.3216 0.6679 -0.6711
vn -0.3194 0.6709 -0.6692
vn -0.4178 0.6685 -0.6153
vn -0.4039 0.6565 -0.6371
vn -0.4160 0.6783 -0.6057
vn -0.5150 0.6920 -0.5058
vn -0.5196 0.6747 -0.5242
vn -0.5050 0.7020 -0.5022
vn -0.3822 0.7857 -0.4863
vn -0.3539 0.8010 -0.4829
vn -0.3486 0.8019 -0.4853
vn -0.3597 0.7728 -0.5229
vn -0.3429 0.8029 -0.4876
vn -0.3401 0.8056 -0.4851
vn -0.3000 0.8934 -0.3343
vn -0.3210 0.8951 -0.3094
vn -0.2816 0.8986 -0.3364
vn -0.2642 0.8883 -0.3756
vn -0.2505 0.8791 -0.4055
vn -0.2736 0.8874 -0.3711
vn -0.2056 0.8763 -0.4356
vn -0.1786 0.8715 -0.4567
vn -0.0960 0.4716 -0.8765
vn -0.0907 0.4937 -0.8649
vn -0.0220 0.4943 -0.8690
vn 0.0365 0.4873 -0.8725
vn 0.0400 0.4865 -0.8727
vn 0.0611 0.5413 -0.8386
vn 0.1032 0.5404 -0.8350
vn 0.1074 0.5399 -0.8349
vn 0.1010 0.5954 -0.7971
vn 0.1323 0.6244 -0.7698
vn 0.1349 0.6241 -0.7696
vn -0.0456 0.6982 -0.7145
vn -0.0356 0.7380 -0.6739
vn -0.0345 0.7414 -0.6701
vn 0.0547 0.7404 -0.6699
vn 0.0573 0.7657 -0.6406
vn 0.0600 0.7656 -0.6405
vn 0.0719 0.8149 -0.5751
vn 0.0997 0.7943 -0.5993
vn 0.0709 0.8155 -0.5743
vn -0.0179 0.8540 -0.5199
vn 0.0221 0.8500 -0.5263
vn -0.0244 0.8555 -0.5172
vn -0.0464 0.9017 -0.4299
vn -0.0692 0.9082 -0.4127
vn -0.0700 0.9084 -0.4123
vn -0.1132 0.8839 -0.4538
vn -0.1292 0.8811 -0.4549
vn -0.1450 -0.0722 -0.9868
vn -0.1462 -0.0689 -0.9868
vn -0.1458 -0.0719 -0.9867
vn 0.2178 -0.0676 -0.9736
vn -0.1770 0.0047 -0.9842
vn -0.1455 -0.0727 -0.9867
vn -0.1084 -0.0634 -0.9921
vn -0.1030 -0.0752 -0.9918
vn -0.0972 -0.0781 -0.9922
vn -0.1118 -0.0667 -0.9915
vn -0.0840 -0.0774 -0.9935
vn -0.0952 -0.0824 -0.9920
vn -0.0927 -0.0866 -0.9919
vn -0.0925 -0.0902 -0.9916
vn -0.0938 -0.0944 -0.9911
vn -0.0949 -0.0966 -0.9908
vn -0.0943 -0.0957 -0.9909
vn -0.1495 -0.0775 -0.9857
vn -0.2504 -0.1054 -0.9624
vn -0.2509 -0.1055 -0.9623
vn -0.0952 -0.0971 -0.9907
vn -0.0958 -0.0984 -0.9905
vn -0.0956 -0.0982 -0.9906
vn -0.1019 -0.1044 -0.9893
vn -0.1134 -0.0692 -0.9911
vn -0.1076 -0.0861 -0.9905
vn -0.1070 -0.0880 -0.9904
vn -0.1044 -0.0995 -0.9896
vn -0.1039 -0.0997 -0.9896
vn -0.1060 -0.0985 -0.9895
vn -0.1644 -0.0984 -0.9815
vn -0.1654 -0.0962 -0.9815
vn -0.1478 -0.1167 -0.9821
vn -0.1338 -0.1344 -0.9818
vn -0.1479 -0.1166 -0.9821
vn -0.1141 -0.1120 -0.9871
vn -0.1214 -0.1413 -0.9825
vn -0.1261 -0.1722 -0.9770
vn -0.2713 0.0416 -0.9616
vn -0.0816 -0.1091 -0.9907
vn -0.0022 0.0191 -0.9998
vn -0.1137 -0.0447 -0.9925
vn -0.1498 -0.0869 -0.9849
vn -0.0858 -0.1139 -0.9898
vn -0.0857 -0.0945 -0.9918
vn -0.0891 -0.0969 -0.9913
vn -0.0731 -0.0893 -0.9933
vn -0.2445 -0.0938 -0.9651
vn -0.1500 0.0301 -0.9882
vn 0.1087 0.0905 0.9899
vn -0.0932 -0.1130 -0.9892
vn -0.0613 -0.0896 -0.9941
vn -0.0596 -0.0881 -0.9943
vn 0.1735 -0.1050 -0.9792
vn -0.0640 -0.0898 -0.9939
vn -0.0588 -0.0887 -0.9943
vn -0.0934 -0.0684 -0.9933
vn -0.0968 -0.0558 -0.9937
vn -0.0973 -0.0586 -0.9935
vn -0.1035 -0.1072 -0.9888
vn -0.0883 -0.1055 -0.9905
vn -0.1038 -0.1074 -0.9888
vn 0.1820 0.1409 0.9732
vn 0.0092 0.1280 0.9917
vn 0.0111 0.0913 0.9958
vn 0.2463 -0.1821 -0.9519
vn 0.1594 -0.3425 -0.9259
vn 0.1203 -0.3338 -0.9349
vn -0.1456 -0.1333 -0.9803
vn 0.0501 -0.1139 -0.9922
vn 0.0938 -0.3118 -0.9455
vn -0.2489 -0.2381 -0.9388
vn -0.1527 -0.0399 -0.9875
vn -0.0419 -0.2942 -0.9548
vn -0.2768 0.9005 -0.3352
vn 0.1495 0.8268 -0.5423
vn -0.3737 0.8458 -0.3809
vn 0.9077 0.2364 0.3468
vn 0.7288 -0.2346 0.6433
vn 0.9216 0.2248 0.3163
vn -0.4405 -0.0167 -0.8976
vn -0.1896 0.1122 -0.9754
vn -0.2158 -0.1583 -0.9635
vn -0.0496 0.1569 0.9864
vn 0.4095 -0.0417 0.9114
vn 0.3464 0.7165 0.6055
vn -0.5885 0.6542 0.4751
vn -0.8303 0.3476 0.4357
vn -0.3976 0.7181 0.5711
vn -0.4636 -0.4017 0.7897
vn -0.1809 -0.8403 0.5111
vn 0.1437 -0.6216 0.7701
vn 0.3426 -0.6947 0.6325
vn 0.0071 -0.7588 0.6513
vn 0.4263 -0.6873 0.5881
vn 0.6343 -0.6130 0.4709
vn 0.9300 -0.3671 0.0201
vn 0.9217 -0.0673 0.3820
vn 0.5569 -0.3153 0.7684
vn 0.3241 -0.3354 0.8846
vn 0.6198 -0.1795 0.7640
vn 0.0302 0.9532 -0.3008
vn 0.4535 0.7695 0.4498
vn 0.6754 0.7138 0.1853
vn 0.4540 -0.5391 0.7095
vn 0.4805 0.4873 0.7292
vn 0.7436 0.1524 0.6511
vn -0.7239 -0.2693 -0.6352
vn -0.4015 -0.5026 -0.7656
vn -0.3882 -0.6666 -0.6364
vn -0.7349 -0.3481 -0.5821
vn -0.7090 0.2117 -0.6727
vn -0.6177 -0.3478 -0.7053
vn -0.4139 -0.5582 -0.7191
vn 0.0217 -0.5831 -0.8121
vn 0.0885 -0.7181 -0.6903
vn 0.0182 -0.7441 -0.6678
vn 0.2777 -0.4659 -0.8401
vn 0.4609 -0.4859 -0.7426
vn 0.4449 -0.5208 -0.7286
vn 0.5046 -0.1110 -0.8562
vn 0.6589 -0.0459 -0.7508
vn 0.3335 0.5996 -0.7274
vn 0.5413 0.0889 -0.8362
vn 0.1946 0.5300 -0.8254
vn -0.4628 0.5536 -0.6923
vn 0.0906 0.6061 -0.7902
vn -0.4436 0.4178 -0.7929
vn -0.0648 -0.1035 -0.9925
vn -0.0440 0.0167 -0.9989
vn 0.0635 -0.0737 -0.9953
vn -0.0994 -0.0393 -0.9943
vn 0.1231 0.0270 -0.9920
vn 0.0987 -0.1861 -0.9776
vn -0.2060 -0.2175 -0.9541
vn -0.3520 -0.0288 -0.9356
vn -0.1965 0.0062 -0.9805
vn -0.3436 -0.9253 -0.1603
vn -0.4367 -0.8732 -0.2162
vn 0.0853 -0.9230 -0.3752
vn -0.2892 0.9450 0.1526
vn 0.2525 0.9384 0.2359
vn 0.2332 0.9518 0.1995
vn 0.8914 -0.2293 0.3910
vn 0.9058 -0.2252 0.3588
vn 0.7482 0.3005 0.5916
vn 0.0767 0.7689 0.6348
vn 0.0747 0.7978 0.5982
vn -0.1489 0.8312 0.5356
vn -0.0134 0.8301 0.5574
vn -0.9853 -0.1473 0.0869
vn -0.9750 -0.2203 -0.0276
vn -0.9820 -0.1525 -0.1110
vn -0.3821 0.4161 -0.8252
vn -0.3468 0.4484 -0.8238
vn -0.3790 0.3916 -0.8384
vn -0.3229 0.3699 -0.8712
vn -0.2985 0.4017 -0.8658
vn -0.3265 0.2778 -0.9034
vn -0.3534 -0.1812 -0.9177
vn -0.3809 0.1761 -0.9077
vn -0.2983 0.1354 -0.9448
vn -0.1275 -0.9389 -0.3196
vn -0.0334 -0.9087 -0.4161
vn -0.0107 -0.9928 0.1190
vn 0.0081 -0.4829 0.8756
vn -0.0010 -0.5661 0.8243
vn 0.0354 -0.5485 0.8354
vn 0.1525 -0.3993 0.9040
vn 0.1417 -0.4278 0.8927
vn 0.1713 -0.4291 0.8869
vn 0.8526 0.2432 -0.4626
vn 0.8779 0.1670 -0.4487
vn 0.7162 0.3781 -0.5865
vn -0.1250 0.9521 0.2791
vn -0.3430 0.8999 0.2694
vn -0.3244 0.9344 0.1474
vn -0.0738 0.4874 -0.8700
vn 0.0257 0.4418 -0.8967
vn -0.2402 0.4189 -0.8757
vn -0.9821 0.1286 0.1378
vn -0.9400 0.2671 -0.2124
vn -0.9675 0.1938 -0.1628
vn -0.9533 -0.0510 0.2978
vn -0.9646 -0.1148 0.2375
vn -0.8164 -0.1884 0.5459
vn -0.5546 -0.2424 0.7960
vn -0.6305 -0.2855 0.7218
vn -0.3207 -0.3070 0.8960
vn 0.8839 0.1751 0.4337
vn 0.6392 -0.0093 0.7690
vn 0.7402 -0.0152 0.6723
vn 0.9761 -0.0733 0.2047
vn 0.9932 -0.0840 -0.0807
vn 0.9980 -0.0300 -0.0553
vn 0.5435 0.7995 0.2558
vn 0.4163 0.8819 0.2211
vn 0.5645 0.8156 0.1268
vn -0.4194 0.8893 0.1821
vn -0.4464 0.8730 0.1964
vn -0.5563 0.8207 0.1304
vn -0.6570 0.5198 -0.5461
vn -0.6329 0.4687 -0.6163
vn -0.6210 0.4808 -0.6191
vn -0.6613 0.3507 -0.6631
vn -0.6369 0.5141 -0.5745
vn -0.6785 0.4626 -0.5706
vn -0.6961 0.6181 -0.3651
vn -0.5667 0.7403 0.3616
vn -0.6281 0.7774 -0.0333
vn -0.6595 0.7466 0.0874
vn 0.2008 -0.3734 0.9057
vn 0.1841 -0.3758 0.9082
vn 0.1944 -0.4155 0.8886
vn 0.0335 -0.4996 0.8656
vn 0.0345 -0.5011 0.8647
vn 0.0189 -0.4630 0.8862
vn -0.1809 -0.1241 0.9756
vn -0.1926 -0.1647 0.9674
vn -0.1810 -0.1696 0.9687
vn -0.6943 -0.6466 -0.3159
vn -0.6891 -0.6636 -0.2912
vn -0.1695 -0.7347 0.6568
vn -0.3280 -0.8250 0.4601
vn -0.2193 -0.8222 0.5252
vn -0.1323 0.9897 0.0539
vn -0.1318 0.9893 0.0624
vn 0.6824 0.6254 -0.3783
vn 0.6909 0.6130 -0.3832
vn 0.5238 0.6420 -0.5599
vn 0.0529 0.5763 -0.8156
vn -0.0299 0.5432 -0.8391
vn -0.8336 0.5134 -0.2038
vn -0.7840 0.6207 0.0049
vn -0.5831 0.7241 -0.3685
vn -0.5086 0.6112 -0.6064
vn -0.4981 0.6442 -0.5805
vn -0.3477 0.6447 -0.6808
vn 0.4662 -0.8075 0.3615
vn 0.4677 -0.8135 0.3458
vn 0.6436 -0.6981 0.3137
vn 0.9459 0.0838 0.3135
vn 0.9519 0.2634 0.1563
vn 0.9482 0.2668 0.1724
vn -0.8529 0.1097 0.5105
vn -0.7985 0.0150 0.6017
vn -0.4710 -0.5025 0.7250
vn -0.4791 -0.5065 0.7168
vn -0.2970 -0.5954 0.7466
vn 0.0045 0.7977 0.6030
vn 0.0443 0.6146 0.7876
vn 0.0481 0.5991 0.7992
vn 0.0230 0.7105 0.7033
vn 0.0353 0.6587 0.7516
vn 0.0440 0.6281 0.7769
vn -0.0722 0.9920 0.1033
vn -0.0510 0.9542 0.2948
vn -0.0181 0.8745 0.4847
vn 0.0063 0.7919 0.6106
vn -0.3963 0.7270 0.5607
vn -0.4148 0.7335 0.5384
vn -0.4297 0.7121 0.5553
vn -0.4101 0.7318 0.5443
vn -0.4137 0.7319 0.5416
vn -0.3059 0.7447 0.5932
vn -0.3575 0.7447 0.5636
vn -0.3562 0.7450 0.5640
vn -0.1849 0.8173 0.5457
vn -0.2464 0.8024 0.5435
vn -0.2428 0.7987 0.5505
vn 0.5808 0.7233 0.3736
vn 0.5844 0.6987 0.4127
vn 0.5900 0.7225 0.3604
vn 0.6045 0.6784 0.4176
vn 0.6065 0.6802 0.4117
vn 0.3432 0.8413 0.4178
vn 0.3481 0.8433 0.4094
vn 0.3006 0.7985 0.5216
vn 0.1954 0.8891 0.4138
vn 0.1922 0.8940 0.4048
vn 0.1102 0.8795 0.4630
vn 0.4048 0.7097 0.5766
vn 0.4060 0.7265 0.5544
vn 0.2976 0.7291 0.6164
vn 0.2508 0.7528 0.6085
vn 0.2505 0.7494 0.6129
vn 0.2166 0.7158 0.6638
vn 0.1523 0.7435 0.6512
vn 0.1589 0.7389 0.6548
vn 0.0607 0.7571 0.6504
vn 0.1071 0.7522 0.6501
vn 0.0987 0.7565 0.6465
vn -0.0722 0.7782 0.6238
vn -0.0933 0.7545 0.6496
vn -0.1356 0.7176 0.6832
vn -0.1326 0.7227 0.6783
vn -0.1733 0.6796 0.7128
vn -0.2557 0.6654 0.7013
vn -0.2534 0.6698 0.6980
vn -0.2783 0.6518 0.7055
vn -0.6007 0.4931 0.6293
vn -0.5757 0.4999 0.6470
vn -0.5908 0.5177 0.6188
vn 0.3839 0.3230 0.8650
vn 0.3369 0.7811 0.5258
vn 0.4335 0.8382 0.3308
vn 0.0621 0.8864 0.4587
vn 0.3464 0.8980 0.2713
vn 0.2887 0.9262 0.2424
vn 0.8466 0.2888 0.4471
vn 0.6669 0.1965 0.7188
vn 0.6773 0.2320 0.6981
vn 0.8656 0.2135 0.4529
vn 0.8885 0.1633 0.4288
vn 0.9289 0.1918 0.3167
vn 0.9001 0.0561 0.4321
vn 0.9667 -0.1114 0.2304
vn 0.9343 -0.0284 0.3553
vn 0.7571 -0.6105 -0.2327
vn 0.7676 -0.6407 0.0141
vn 0.8673 -0.4763 -0.1446
vn 0.9764 0.0187 0.2150
vn 0.9490 -0.0159 0.3149
vn 0.8901 0.0387 0.4540
vn 0.4662 0.5229 0.7136
vn 0.4770 0.6718 0.5667
vn 0.2522 0.7520 0.6090
vn 0.9305 0.1756 0.3214
vn 0.9127 0.3369 0.2312
vn 0.7004 0.3444 0.6252
vn 0.4566 0.4873 0.7443
vn 0.3772 0.4607 0.8034
vn 0.6358 0.3535 0.6862
vn 0.3585 0.1089 0.9272
vn 0.1424 0.3115 0.9395
vn 0.1659 0.1145 0.9795
vn 0.9210 0.0453 0.3870
vn 0.7838 -0.0247 0.6205
vn 0.8311 -0.3350 0.4439
vn 0.5740 -0.5419 0.6139
vn 0.6028 -0.1331 0.7867
vn 0.4355 -0.3030 0.8477
vn 0.9673 -0.0853 0.2390
vn 0.8579 -0.3650 0.3616
vn 0.9268 -0.3707 0.0593
vn 0.0407 -0.9980 0.0493
vn 0.6336 -0.7730 -0.0322
vn 0.4438 -0.8158 0.3708
vn 0.1629 -0.7508 -0.6401
vn 0.5244 -0.6908 -0.4978
vn 0.5757 -0.7036 -0.4165
vn -0.4606 -0.8054 -0.3731
vn 0.1091 -0.7701 -0.6285
vn 0.0464 -0.9714 -0.2330
vn -0.4532 -0.8028 0.3875
vn 0.0771 -0.9938 -0.0795
vn 0.2282 -0.8503 0.4742
vn -0.5273 -0.7880 -0.3178
vn -0.5041 -0.8367 0.2139
vn -0.8294 -0.5561 -0.0539
vn -0.5093 -0.5725 0.6425
vn -0.2720 -0.6741 0.6868
vn -0.3320 -0.4455 0.8314
vn -0.7755 0.1806 0.6050
vn -0.8127 -0.2875 0.5069
vn -0.6380 -0.1248 0.7598
vn -0.9521 -0.0128 0.3056
vn -0.9129 -0.2065 0.3521
vn -0.7909 0.2642 0.5520
vn -0.5065 0.6759 0.5354
vn -0.6144 0.4110 0.6735
vn -0.3251 0.6287 0.7065
vn -0.7604 0.2621 0.5942
vn -0.6642 0.5212 0.5359
vn -0.9753 0.0732 0.2082
vn -0.4412 0.5484 0.7104
vn -0.2224 -0.0704 0.9724
vn -0.3932 0.5078 0.7665
vn -0.9699 -0.2192 -0.1060
vn -0.9790 -0.1755 -0.1035
vn -0.9331 -0.3024 -0.1944
vn -0.9815 -0.1854 -0.0480
vn -0.9145 -0.3529 -0.1978
vn -0.7856 -0.6028 -0.1392
vn -0.7715 -0.6169 -0.1557
vn -0.7100 -0.6943 -0.1179
vn -0.6208 -0.7811 -0.0669
vn -0.6790 -0.4408 -0.5870
vn -0.8410 -0.3685 -0.3962
vn -0.9011 -0.4034 -0.1589
vn -0.5251 -0.6730 0.5209
vn -0.5327 -0.6717 0.5149
vn -0.4086 -0.6243 0.6658
vn -0.5640 -0.4551 0.6890
vn -0.4967 -0.3262 0.8043
vn -0.5307 -0.4847 0.6953
vn -0.3763 -0.3357 0.8635
vn -0.5000 -0.2946 0.8144
vn -0.4214 -0.2987 0.8563
vn 0.0247 -0.1745 0.9844
vn -0.0708 -0.2998 0.9514
vn -0.1324 -0.2786 0.9512
vn -0.4010 -0.2715 0.8749
vn -0.3172 -0.1964 0.9278
vn -0.4649 -0.3986 0.7906
vn -0.6893 -0.2861 0.6655
vn -0.6534 -0.3693 0.6608
vn -0.6485 -0.3101 0.6952
vn -0.7805 0.0179 0.6248
vn -0.6927 0.1434 0.7068
vn -0.6906 0.1963 0.6961
vn 0.9049 0.2837 0.3171
vn 0.8101 0.3476 0.4722
vn 0.8826 0.2624 0.3900
vn 0.9863 -0.0852 0.1412
vn 0.9784 0.1477 0.1443
vn 0.9611 0.0915 0.2606
vn 0.9796 0.1354 -0.1485
vn 0.9733 0.2136 0.0845
vn 0.9932 -0.0981 0.0622
vn 0.9495 -0.1388 -0.2815
vn 0.9832 0.0963 -0.1549
vn 0.9876 -0.1411 0.0692
vn 0.4324 -0.6556 -0.6191
vn 0.2645 -0.7254 -0.6355
vn 0.3319 -0.5671 -0.7538
vn 0.3399 -0.4084 -0.8472
vn 0.5740 -0.2669 -0.7741
vn 0.5376 -0.5710 -0.6205
vn -0.0946 -0.6735 -0.7331
vn 0.0227 -0.8080 -0.5888
vn -0.1546 -0.7992 -0.5809
vn -0.0581 -0.3125 -0.9481
vn -0.1674 -0.5341 -0.8287
vn -0.3411 -0.3804 -0.8596
vn -0.5684 -0.4971 -0.6556
vn -0.4273 -0.7721 -0.4704
vn -0.6538 -0.6738 -0.3442
vn -0.1168 -0.1987 -0.9731
vn -0.0230 -0.3693 -0.9290
vn -0.2895 -0.3524 -0.8899
vn -0.5153 -0.1154 -0.8492
vn -0.4840 -0.2973 -0.8230
vn -0.7045 -0.2216 -0.6743
vn 0.1357 -0.1865 -0.9730
vn -0.0592 -0.0950 -0.9937
vn 0.0754 -0.0525 -0.9958
vn 0.3980 0.0016 -0.9174
vn 0.2431 -0.2330 -0.9416
vn 0.1678 -0.0669 -0.9836
vn 0.5931 -0.2290 -0.7719
vn 0.3314 -0.3528 -0.8751
vn 0.3992 -0.0317 -0.9163
vn 0.7183 0.3213 -0.6170
vn 0.6853 0.0386 -0.7273
vn 0.5604 0.1597 -0.8127
vn 0.9188 0.2309 -0.3202
vn 0.8824 -0.0054 -0.4705
vn 0.7359 0.2783 -0.6173
vn 0.9031 0.4294 0.0026
vn 0.9309 0.2800 -0.2346
vn 0.8399 0.4597 -0.2885
vn 0.8009 0.5608 -0.2098
vn 0.7687 0.6342 -0.0829
vn 0.8679 0.4856 -0.1047
vn 0.6477 0.7530 0.1161
vn 0.5700 0.7975 0.1977
vn 0.6669 0.7146 0.2111
vn 0.2560 0.8628 0.4359
vn 0.2901 0.8768 0.3834
vn 0.1708 0.8996 0.4019
vn -0.1683 0.8519 0.4959
vn -0.1742 0.8763 0.4491
vn -0.2368 0.8435 0.4822
vn -0.3459 0.7386 0.5786
vn -0.2491 0.7821 0.5712
vn -0.3254 0.7780 0.5374
vn -0.5701 0.6392 0.5162
vn -0.6254 0.6642 0.4096
vn -0.6142 0.5180 0.5953
vn -0.5074 0.6067 0.6120
vn -0.4579 0.7441 0.4866
vn -0.5844 0.6607 0.4711
vn -0.7130 0.4699 0.5204
vn -0.5925 0.4931 0.6370
vn -0.4843 0.6266 0.6107
vn -0.9784 0.0963 0.1828
vn -0.8862 0.2620 0.3821
vn -0.9151 0.3597 0.1819
vn -0.8236 -0.0665 0.5633
vn -0.8526 0.0386 0.5211
vn -0.9037 -0.1105 0.4137
vn -0.8947 -0.3771 0.2394
vn -0.8598 -0.3142 0.4024
vn -0.9294 -0.2561 0.2659
vn -0.8180 -0.5612 0.1259
vn -0.8633 -0.5024 -0.0489
vn -0.6555 -0.7480 -0.1041
vn -0.9262 -0.3230 -0.1945
vn -0.9018 -0.0590 -0.4280
vn -0.7959 -0.2791 -0.5373
vn -0.2357 -0.3758 0.8962
vn -0.0952 -0.2953 0.9506
vn -0.1085 -0.2953 0.9492
vn -0.0910 -0.7251 0.6826
vn -0.1015 -0.5608 0.8217
vn -0.1260 -0.6007 0.7894
vn -0.0607 -0.8613 0.5045
vn -0.1409 -0.7844 0.6040
vn -0.1427 -0.7963 0.5878
vn -0.7041 -0.5516 -0.4472
vn -0.5915 -0.6687 -0.4505
vn -0.6039 -0.6796 -0.4165
vn -0.3787 -0.6618 -0.6469
vn -0.4095 -0.6501 -0.6400
vn -0.2668 -0.6295 -0.7298
vn -0.1839 -0.8626 -0.4713
vn -0.1380 -0.8271 -0.5449
vn 0.0712 -0.8386 -0.5401
vn -0.9119 -0.3182 -0.2592
vn -0.8916 -0.3996 -0.2132
vn -0.9534 -0.2877 -0.0908
vn -0.8540 -0.2258 -0.4687
vn -0.8542 -0.3123 -0.4158
vn -0.9418 -0.1078 -0.3184
vn -0.9650 0.0001 0.2623
vn -0.9525 -0.1438 0.2686
vn -0.9012 -0.0198 0.4329
vn -0.6914 0.2932 0.6603
vn -0.6972 0.1907 0.6910
vn -0.5548 0.2853 0.7816
vn -0.2266 0.5064 0.8320
vn -0.3020 0.3876 0.8710
vn -0.2119 0.4171 0.8838
vn 0.0659 0.8596 0.5066
vn 0.0666 0.8580 0.5093
vn 0.2392 0.8418 0.4840
vn 0.7239 0.0267 0.6894
vn 0.7125 0.0322 0.7009
vn 0.8163 -0.0365 0.5765
vn 0.8393 0.3317 -0.4308
vn 0.8449 0.3422 -0.4111
vn 0.8079 0.2102 -0.5506
vn 0.5354 -0.5065 -0.6758
vn 0.5017 -0.4939 -0.7102
vn 0.6013 -0.4363 -0.6694
vn 0.2777 -0.5985 -0.7514
vn 0.4422 -0.5884 -0.6769
vn 0.3774 -0.5992 -0.7061
vn -0.0890 -0.1552 -0.9839
vn -0.0035 -0.2322 -0.9727
vn -0.0868 -0.2808 -0.9558
vn 0.8882 -0.1758 -0.4245
vn 0.8409 -0.1607 -0.5169
vn 0.8937 -0.0477 -0.4460
vn 0.9694 -0.0058 -0.2453
vn 0.9252 0.0260 -0.3787
vn 0.9661 0.1452 -0.2136
vn 0.9153 0.2618 0.3061
vn 0.9826 0.1493 0.1107
vn 0.9522 0.2926 0.0881
vn 0.6619 0.4138 0.6251
vn 0.8204 0.3388 0.4606
vn 0.7368 0.4947 0.4610
vn 0.3112 0.4711 0.8253
vn 0.4916 0.4569 0.7413
vn 0.3978 0.5680 0.7205
vn 0.0791 0.4760 0.8759
vn 0.0833 0.4696 0.8789
vn 0.1721 0.4779 0.8614
vn 0.1053 -0.7576 0.6441
vn -0.6988 -0.1960 -0.6879
vn -0.5686 -0.3196 -0.7580
vn -0.6018 -0.2867 -0.7454
vn -0.5973 -0.4903 -0.6347
vn -0.6496 -0.4863 -0.5844
vn -0.6425 -0.4930 -0.5866
vn -0.3520 -0.5542 -0.7543
vn -0.3845 -0.5185 -0.7637
vn -0.3800 -0.5200 -0.7650
vn -0.1395 -0.5625 -0.8150
vn -0.1710 -0.5467 -0.8197
vn -0.1671 -0.5444 -0.8220
vn -0.0090 -0.5656 -0.8246
vn -0.0554 -0.5798 -0.8129
vn -0.0475 -0.5764 -0.8158
vn 0.1628 -0.5087 -0.8454
vn 0.1060 -0.5321 -0.8400
vn 0.1179 -0.5278 -0.8411
vn 0.2626 -0.4084 -0.8742
vn 0.2344 -0.4365 -0.8686
vn 0.2409 -0.4307 -0.8698
vn 0.2699 -0.3855 -0.8824
vn 0.2663 -0.3877 -0.8825
vn 0.2852 -0.3541 -0.8907
vn 0.3456 -0.1562 -0.9253
vn 0.3632 -0.2213 -0.9050
vn 0.3601 -0.2164 -0.9075
vn 0.4332 -0.1797 -0.8832
vn 0.4173 -0.1869 -0.8893
vn 0.4288 -0.1073 -0.8970
vn 0.3548 -0.6986 0.6213
vn 0.3313 -0.6776 0.6566
vn 0.3951 -0.6110 0.6860
vn 0.3998 -0.5849 0.7057
vn 0.3964 -0.5891 0.7041
vn 0.4128 -0.6674 0.6198
vn 0.3567 -0.7037 0.6145
vn 0.3613 -0.6973 0.6191
vn 0.3312 -0.7750 0.5382
vn 0.3582 -0.7655 0.5345
vn 0.3501 -0.7700 0.5333
vn 0.4461 -0.7435 0.4982
vn 0.4550 -0.7363 0.5009
vn 0.5066 -0.7428 0.4378
vn 0.3056 -0.9262 0.2210
vn 0.3074 -0.9249 0.2239
vn 0.2473 -0.9412 0.2303
vn 0.2154 -0.8343 0.5074
vn 0.2190 -0.8325 0.5090
vn 0.1694 -0.8314 0.5292
vn 0.1735 -0.8007 0.5735
vn 0.1774 -0.8014 0.5712
vn 0.1523 -0.7842 0.6016
vn 0.0297 -0.8575 0.5136
vn 0.0315 -0.8581 0.5125
vn 0.0262 -0.8584 0.5123
vn 0.1359 -0.7488 0.6487
vn 0.1369 -0.7484 0.6490
vn 0.1360 -0.7438 0.6545
vn 0.1286 -0.7470 0.6523
vn 0.1275 -0.7484 0.6509
vn 0.1287 -0.7452 0.6543
vn 0.1755 -0.7283 0.6624
vn 0.1776 -0.7303 0.6597
vn 0.1733 -0.7314 0.6596
vn 0.1377 -0.7319 0.6674
vn 0.1418 -0.7304 0.6682
vn 0.1165 -0.7371 0.6657
vn 0.1393 -0.7188 0.6811
vn 0.1388 -0.7200 0.6799
vn 0.1460 -0.7165 0.6821
vn 0.1547 -0.7287 -0.6671
vn 0.1427 -0.7268 -0.6719
vn 0.2480 -0.6828 -0.6872
vn 0.6712 -0.0923 -0.7355
vn 0.6659 -0.0993 -0.7394
vn 0.6692 0.0147 -0.7429
vn 0.2154 0.5535 -0.8045
vn 0.3329 0.5970 -0.7299
vn 0.3360 0.5880 -0.7358
vn -0.0290 0.9329 0.3590
vn 0.0724 0.9344 0.3488
vn 0.0657 0.9365 0.3446
vn -0.2121 0.4474 -0.8688
vn -0.1864 0.4637 -0.8662
vn -0.2416 0.4551 -0.8570
vn -0.2418 0.4542 -0.8574
vn -0.2688 0.4827 -0.8335
vn -0.3559 0.5542 -0.7525
vn -0.2914 0.5568 -0.7778
vn -0.2957 0.5546 -0.7778
vn -0.3797 0.5610 -0.7356
vn -0.3804 0.5590 -0.7368
vn -0.4123 0.5823 -0.7007
vn -0.3274 0.6794 -0.6567
vn -0.2714 0.6605 -0.7001
vn -0.2778 0.6651 -0.6931
vn -0.4018 0.6995 -0.5909
vn -0.4121 0.6461 -0.6424
vn -0.4120 0.6569 -0.6315
vn -0.4664 0.7708 -0.4340
vn -0.4653 0.7722 -0.4327
vn -0.4327 0.7962 -0.4229
vn -0.3742 0.8630 -0.3395
vn -0.3648 0.8747 -0.3190
vn -0.3660 0.8735 -0.3209
vn -0.2214 0.9020 -0.3707
vn -0.2054 0.8982 -0.3886
vn -0.2095 0.8963 -0.3908
vn -0.0935 0.5337 -0.8405
vn -0.0693 0.5420 -0.8375
vn -0.0688 0.5399 -0.8389
vn -0.0877 0.5321 -0.8421
vn -0.0904 0.5329 -0.8414
vn -0.0359 0.5167 -0.8554
vn 0.0455 0.5222 -0.8516
vn 0.0425 0.5228 -0.8514
vn 0.1020 0.5301 -0.8418
vn 0.1887 0.5562 -0.8093
vn 0.1820 0.5547 -0.8119
vn 0.2379 0.5851 -0.7753
vn 0.1872 0.6860 -0.7031
vn 0.1848 0.6870 -0.7028
vn 0.2146 0.7165 -0.6638
vn -0.0285 0.6970 -0.7165
vn -0.0315 0.6953 -0.7180
vn -0.0070 0.7405 -0.6721
vn 0.0191 0.8061 -0.5915
vn 0.0355 0.7831 -0.6209
vn 0.0316 0.7825 -0.6219
vn 0.0188 0.8578 -0.5137
vn 0.0592 0.8479 -0.5268
vn 0.0547 0.8497 -0.5245
vn -0.0460 0.8705 -0.4901
vn -0.0476 0.8699 -0.4910
vn -0.0822 0.8797 -0.4684
vn -0.1343 0.9136 -0.3837
vn -0.1318 0.9135 -0.3849
vn -0.1441 0.9073 -0.3950
vn -0.1096 -0.0896 -0.9899
vn 0.1466 -0.1129 -0.9827
vn 0.1386 -0.1130 -0.9839
vn 0.1383 -0.1126 -0.9840
vn -0.1217 -0.1072 -0.9868
vn -0.1185 -0.1069 -0.9872
vn -0.1347 -0.1167 -0.9840
vn -0.1139 -0.0521 -0.9921
vn -0.0896 -0.0311 -0.9955
vn -0.2663 -0.2392 -0.9337
vn -0.2683 -0.2403 -0.9329
vn -0.0910 -0.1027 -0.9905
vn -0.0887 -0.1054 -0.9905
vn -0.0778 -0.1122 -0.9906
vn 0.4732 0.4084 0.7806
vn 0.5228 0.2975 0.7989
vn 0.5314 0.3039 0.7907
vn 0.0806 -0.1941 0.9777
vn 0.0975 -0.1542 0.9832
vn -0.0441 -0.1387 0.9894
vn -0.0376 -0.0077 -0.9993
vn 0.1982 -0.1006 -0.9750
vn 0.0333 -0.2376 -0.9708
vn -0.2687 -0.2547 -0.9290
vn -0.3977 -0.0831 -0.9138
vn -0.1717 -0.0328 -0.9846
vn 0.6387 0.2978 -0.7095
vn 0.8878 -0.1527 -0.4342
vn 0.8720 -0.1631 -0.4616
vn -0.7077 0.3617 0.6069
vn -0.3951 0.7664 0.5064
vn -0.4711 0.7436 0.4745
vn 0.1660 -0.9102 0.3794
vn 0.1865 -0.8916 0.4128
vn -0.3549 -0.8753 0.3285
vn -0.7913 -0.3755 -0.4826
vn -0.7868 -0.3291 -0.5221
vn -0.4600 -0.7462 -0.4812
vn 0.0510 0.0918 -0.9945
vn -0.2193 0.0504 -0.9743
vn -0.1009 0.3080 -0.9460
vn -0.1813 0.0320 -0.9829
vn -0.0405 0.0461 -0.9981
vn -0.1010 -0.0601 -0.9931
vn -0.5188 0.8314 -0.1989
vn -0.7411 0.6682 -0.0646
vn -0.3357 0.9412 0.0392
vn -0.6908 0.0506 0.7213
vn -0.3819 0.5875 0.7135
vn -0.7445 0.5399 0.3927
vn -0.7582 -0.5597 -0.3346
vn -0.7236 -0.2602 -0.6393
vn -0.6016 -0.5069 -0.6173
vn -0.5931 -0.6920 0.4115
vn -0.4796 -0.7810 0.3999
vn -0.0207 -0.9188 0.3942
vn 0.4526 -0.8291 -0.3284
vn 0.0727 -0.8316 -0.5506
vn 0.3238 -0.7295 -0.6025
vn 0.7294 -0.0474 -0.6824
vn 0.6885 0.2202 -0.6910
vn 0.9053 -0.0408 -0.4228
vn 0.8198 -0.5515 -0.1540
vn 0.8404 -0.5388 0.0582
vn 0.8681 -0.3552 -0.3467
vn 0.6883 0.6372 0.3466
vn 0.9471 0.2634 0.1835
vn 0.8071 0.5451 -0.2267
vn -0.0921 0.9870 0.1318
vn 0.3722 0.8193 0.4361
vn 0.4758 0.8795 0.0015
vn -0.6211 -0.3130 -0.7185
vn -0.6946 0.2110 -0.6877
vn -0.5727 0.1233 -0.8105
vn -0.4664 -0.6650 -0.5834
vn -0.4479 -0.5489 -0.7057
vn 0.0867 -0.7331 -0.6746
vn 0.3406 -0.7186 -0.6063
vn 0.2007 -0.6696 -0.7151
vn 0.5427 -0.2335 -0.8068
vn 0.4397 0.3846 -0.8116
vn 0.6592 -0.0834 -0.7473
vn 0.5042 -0.0404 -0.8626
vn 0.0110 0.6100 -0.7923
vn 0.4562 0.3482 -0.8189
vn 0.2737 0.3088 -0.9109
vn -0.4191 0.4130 -0.8086
vn 0.0813 0.5813 -0.8096
vn 0.0165 0.4258 -0.9047
vn -0.7321 0.1466 -0.6653
vn -0.4001 0.5406 -0.7400
vn -0.4128 0.3560 -0.8384
vn -0.0587 -0.1259 -0.9903
vn 0.0655 -0.1545 -0.9858
vn 0.0156 -0.2780 -0.9605
vn -0.1006 -0.1905 -0.9765
vn -0.1468 0.0769 -0.9862
vn 0.1169 -0.0433 -0.9922
vt 0.319393 0.557458
vt 0.390445 0.616038
vt 0.346994 0.656052
vt 0.295351 0.626853
vt 0.828180 0.955361
vt 0.837038 0.967819
vt 0.852339 0.977245
vt 0.849303 0.952536
vt 0.857875 0.947129
vt 0.966264 0.131304
vt 0.957587 0.154621
vt 0.944473 0.131839
vt 0.509209 0.374820
vt 0.518520 0.348905
vt 0.548212 0.401047
vt 0.505524 0.409158
vt 0.743099 0.147529
vt 0.778694 0.131581
vt 0.804465 0.156326
vt 0.844692 0.160761
vt 0.813270 0.131353
vt 0.847440 0.131334
vt 0.890567 0.131605
vt 0.876694 0.163046
vt 0.924291 0.159527
vt 0.563925 0.356702
vt 0.730324 0.080638
vt 0.733294 0.080230
vt 0.734524 0.075857
vt 0.978493 0.911031
vt 0.962118 0.961185
vt 0.962221 0.948213
vt 0.951157 0.265229
vt 0.901186 0.179085
vt 0.942314 0.177912
vt 0.974504 0.789741
vt 0.994655 0.800526
vt 0.968604 0.822552
vt 0.993050 0.844505
vt 0.969064 0.855918
vt 0.992799 0.893994
vt 0.952722 0.968469
vt 0.913136 0.269644
vt 0.875463 0.208416
vt 0.597906 0.346050
vt 0.576542 0.376824
vt 0.592489 0.378599
vt 0.566808 0.413943
vt 0.583945 0.420432
vt 0.545493 0.433859
vt 0.562373 0.444884
vt 0.516815 0.450906
vt 0.491895 0.409950
vt 0.476889 0.413038
vt 0.495264 0.364008
vt 0.481573 0.359712
vt 0.514746 0.334649
vt 0.498961 0.329626
vt 0.582508 0.350659
vt 0.550645 0.326774
vt 0.545519 0.336556
vt 0.517534 0.319001
vt 0.476097 0.820735
vt 0.481677 0.861711
vt 0.492812 0.842759
vt 0.522833 0.229339
vt 0.496717 0.230451
vt 0.503943 0.237056
vt 0.492375 0.243537
vt 0.477318 0.246668
vt 0.437673 0.242986
vt 0.499089 0.248048
vt 0.496766 0.241482
vt 0.421917 0.803050
vt 0.479481 0.814865
vt 0.424201 0.795623
vt 0.500922 0.839634
vt 0.518613 0.927504
vt 0.517563 0.936098
vt 0.455562 0.924975
vt 0.545728 0.974950
vt 0.667936 0.144688
vt 0.611779 0.164915
vt 0.600753 0.159026
vt 0.513517 0.177070
vt 0.511821 0.166856
vt 0.449661 0.245752
vt 0.463655 0.207775
vt 0.437592 0.242970
vt 0.492665 0.996340
vt 0.542050 0.960524
vt 0.545736 0.974982
vt 0.486317 0.222945
vt 0.462792 0.247375
vt 0.473829 0.214458
vt 0.465318 0.945306
vt 0.495117 0.927725
vt 0.512184 0.932644
vt 0.460322 0.935085
vt 0.474873 0.925222
vt 0.484758 0.981819
vt 0.534962 0.948932
vt 0.476876 0.967328
vt 0.525999 0.940674
vt 0.470696 0.955772
vt 0.467465 0.863629
vt 0.457765 0.809272
vt 0.450962 0.865248
vt 0.435568 0.803097
vt 0.437845 0.866295
vt 0.537800 0.168799
vt 0.510597 0.154947
vt 0.557708 0.167339
vt 0.511256 0.143267
vt 0.580246 0.163441
vt 0.513941 0.131674
vt 0.594225 0.160403
vt 0.519525 0.119291
vt 0.614589 0.156152
vt 0.531345 0.104641
vt 0.550163 0.091384
vt 0.640661 0.150290
vt 0.436258 0.250396
vt 0.454289 0.265743
vt 0.463736 0.253969
vt 0.500484 0.247874
vt 0.480908 0.265123
vt 0.507365 0.256754
vt 0.528368 0.235204
vt 0.535390 0.244997
vt 0.468432 0.793644
vt 0.425416 0.795647
vt 0.461398 0.802904
vt 0.481497 0.816199
vt 0.489603 0.809595
vt 0.513279 0.835774
vt 0.637508 0.159309
vt 0.696945 0.162708
vt 0.662196 0.173512
vt 0.591946 0.169233
vt 0.608603 0.185222
vt 0.549755 0.177149
vt 0.513298 0.177071
vt 0.553710 0.191166
vt 0.516542 0.192829
vt 0.455997 0.916065
vt 0.490069 0.903984
vt 0.486988 0.917859
vt 0.544427 0.913456
vt 0.517989 0.925292
vt 0.538807 0.939382
vt 0.563307 0.939443
vt 0.554443 0.970291
vt 0.513234 0.835724
vt 0.548688 0.786664
vt 0.469135 0.793288
vt 0.510677 0.723243
vt 0.442492 0.624550
vt 0.410455 0.659942
vt 0.495173 0.656064
vt 0.652828 0.696495
vt 0.575752 0.759407
vt 0.687050 0.719257
vt 0.685946 0.635590
vt 0.738480 0.634386
vt 0.726172 0.583971
vt 0.765384 0.620336
vt 0.750016 0.568073
vt 0.685226 0.575686
vt 0.618458 0.599521
vt 0.693717 0.542951
vt 0.620778 0.543629
vt 0.465553 0.589975
vt 0.478086 0.547836
vt 0.481641 0.510695
vt 0.510216 0.482404
vt 0.660044 0.511855
vt 0.730540 0.508793
vt 0.694734 0.491100
vt 0.691659 0.434144
vt 0.727264 0.433292
vt 0.766244 0.492254
vt 0.738054 0.391640
vt 0.693347 0.350073
vt 0.595125 0.315480
vt 0.550836 0.326849
vt 0.583562 0.421816
vt 0.557912 0.301793
vt 0.559171 0.446619
vt 0.421375 0.430201
vt 0.471274 0.401226
vt 0.481500 0.359850
vt 0.428216 0.346212
vt 0.387401 0.393595
vt 0.471812 0.265873
vt 0.498971 0.329630
vt 0.534968 0.245177
vt 0.445585 0.267587
vt 0.349876 0.347375
vt 0.697152 0.162828
vt 0.783462 0.221947
vt 0.684412 0.231493
vt 0.662841 0.173391
vt 0.608820 0.185197
vt 0.788279 0.293465
vt 0.894108 0.416064
vt 0.923528 0.373881
vt 0.961676 0.452310
vt 0.979703 0.543183
vt 0.883327 0.451584
vt 0.967356 0.643957
vt 0.921090 0.614722
vt 0.900157 0.553199
vt 0.936306 0.705258
vt 0.871361 0.641203
vt 0.876730 0.762594
vt 0.837433 0.696702
vt 0.862133 0.559662
vt 0.853068 0.599366
vt 0.837706 0.634268
vt 0.859121 0.465797
vt 0.846558 0.429742
vt 0.822962 0.384544
vt 0.823076 0.347441
vt 0.777572 0.330752
vt 0.707349 0.276247
vt 0.644043 0.247083
vt 0.529510 0.229402
vt 0.553766 0.191162
vt 0.516545 0.192840
vt 0.452095 0.902989
vt 0.527319 0.862396
vt 0.490163 0.903990
vt 0.563427 0.939701
vt 0.607030 0.834637
vt 0.668012 0.859833
vt 0.608471 0.943949
vt 0.568254 0.964118
vt 0.709990 0.888313
vt 0.691151 0.788966
vt 0.742043 0.803337
vt 0.760382 0.855377
vt 0.761669 0.735283
vt 0.787834 0.712940
vt 0.813194 0.816620
vt 0.803266 0.767641
vt 0.811037 0.679506
vt 0.058830 0.174399
vt 0.056438 0.117488
vt 0.064493 0.218604
vt 0.062262 0.283981
vt 0.064691 0.363693
vt 0.058249 0.441151
vt 0.058710 0.528417
vt 0.079194 0.604010
vt 0.052066 0.583283
vt 0.055927 0.669280
vt 0.050033 0.661712
vt 0.115244 0.569757
vt 0.061904 0.432921
vt 0.161062 0.457941
vt 0.162597 0.378266
vt 0.065717 0.320863
vt 0.163301 0.294194
vt 0.063991 0.201238
vt 0.162470 0.230191
vt 0.153591 0.119912
vt 0.280236 0.117504
vt 0.273448 0.247515
vt 0.269404 0.255519
vt 0.275545 0.404521
vt 0.271697 0.403290
vt 0.279636 0.489536
vt 0.268914 0.514347
vt 0.282919 0.578976
vt 0.230115 0.559115
vt 0.203413 0.543619
vt 0.181958 0.535476
vt 0.182430 0.506280
vt 0.272202 0.419406
vt 0.268540 0.333035
vt 0.180747 0.398331
vt 0.180871 0.290312
vt 0.269268 0.250690
vt 0.184164 0.209016
vt 0.273880 0.177561
vt 0.192194 0.119512
vt 0.273756 0.618512
vt 0.285159 0.648712
vt 0.034322 0.005683
vt 0.012169 0.020410
vt 0.009277 0.005623
vt 0.361001 0.362810
vt 0.340968 0.364305
vt 0.348441 0.376754
vt 0.382044 0.387080
vt 0.377329 0.405859
vt 0.411851 0.420252
vt 0.417099 0.441705
vt 0.450317 0.455602
vt 0.450373 0.472713
vt 0.476773 0.486373
vt 0.467398 0.512244
vt 0.481405 0.530386
vt 0.460464 0.556131
vt 0.469410 0.580558
vt 0.448652 0.587418
vt 0.425389 0.620015
vt 0.431206 0.639824
vt 0.455360 0.607546
vt 0.402086 0.669390
vt 0.397162 0.649903
vt 0.373009 0.671242
vt 0.378385 0.692551
vt 0.969581 0.019144
vt 0.905539 0.008387
vt 0.990919 0.005669
vt 0.893545 0.018502
vt 0.803441 0.009159
vt 0.723226 0.008293
vt 0.805937 0.017233
vt 0.716632 0.016772
vt 0.635982 0.015843
vt 0.636936 0.006913
vt 0.565350 0.015215
vt 0.565389 0.006850
vt 0.498025 0.015686
vt 0.497572 0.006626
vt 0.411816 0.015416
vt 0.412712 0.006826
vt 0.338277 0.015160
vt 0.337830 0.006477
vt 0.290435 0.015321
vt 0.289784 0.006370
vt 0.233607 0.015233
vt 0.231509 0.007492
vt 0.181424 0.015797
vt 0.179405 0.007101
vt 0.108913 0.017211
vt 0.107725 0.006848
vt 0.035605 0.019408
vt 0.806370 0.578714
vt 0.781553 0.557060
vt 0.781366 0.524254
vt 0.837188 0.568440
vt 0.809223 0.507438
vt 0.845417 0.527869
vt 0.345005 0.891315
vt 0.337330 0.904503
vt 0.314252 0.919369
vt 0.374568 0.903429
vt 0.319657 0.941135
vt 0.317987 0.962777
vt 0.386514 0.903302
vt 0.393597 0.934687
vt 0.400355 0.948067
vt 0.346192 0.972672
vt 0.362948 0.980792
vt 0.380680 0.966131
vt 0.922749 0.023801
vt 0.992069 0.034180
vt 0.920932 0.034180
vt 0.829246 0.034180
vt 0.822112 0.023801
vt 0.745013 0.023801
vt 0.741383 0.034180
vt 0.664834 0.034180
vt 0.674167 0.023801
vt 0.602365 0.023801
vt 0.588443 0.034180
vt 0.545973 0.023801
vt 0.535134 0.034180
vt 0.477241 0.034180
vt 0.497038 0.023801
vt 0.448628 0.023801
vt 0.433444 0.034180
vt 0.402569 0.034180
vt 0.393427 0.023801
vt 0.373810 0.034180
vt 0.373753 0.023801
vt 0.990328 0.049114
vt 0.906656 0.041069
vt 0.990328 0.041069
vt 0.851807 0.049114
vt 0.845507 0.041069
vt 0.810283 0.049114
vt 0.806943 0.041069
vt 0.777279 0.049114
vt 0.768636 0.041069
vt 0.747761 0.049114
vt 0.738893 0.041069
vt 0.709870 0.049114
vt 0.708499 0.041069
vt 0.658901 0.041069
vt 0.647704 0.049114
vt 0.544586 0.041069
vt 0.540613 0.049114
vt 0.432114 0.049114
vt 0.424469 0.041069
vt 0.373532 0.049114
vt 0.373532 0.041069
vt 0.187884 0.885648
vt 0.233185 0.902154
vt 0.171668 0.910030
vt 0.237714 0.927959
vt 0.222410 0.968701
vt 0.253873 0.953085
vt 0.177228 0.977170
vt 0.127978 0.968308
vt 0.085552 0.944732
vt 0.150967 0.895204
vt 0.130102 0.835167
vt 0.054387 0.907421
vt 0.039745 0.869170
vt 0.162142 0.873659
vt 0.036524 0.830047
vt 0.043146 0.793070
vt 0.056151 0.766875
vt 0.262097 0.832747
vt 0.309388 0.868065
vt 0.285657 0.921875
vt 0.262638 0.906880
vt 0.136529 0.810662
vt 0.080157 0.736356
vt 0.114176 0.713910
vt 0.146765 0.702260
vt 0.184778 0.700434
vt 0.239805 0.717210
vt 0.219042 0.851562
vt 0.309014 0.807780
vt 0.282363 0.752472
vt 0.227206 0.807914
vt 0.261933 0.923628
vt 0.152505 0.845404
vt 0.465766 0.971193
vt 0.446048 0.982290
vt 0.449788 0.961527
vt 0.124155 0.614418
vt 0.145783 0.612930
vt 0.107533 0.628334
vt 0.172253 0.644548
vt 0.166985 0.665577
vt 0.102264 0.649363
vt 0.110363 0.669472
vt 0.150362 0.679493
vt 0.128735 0.680981
vt 0.980736 0.277812
vt 0.994976 0.294968
vt 0.996413 0.317217
vt 0.984498 0.336061
vt 0.963782 0.344303
vt 0.938416 0.280546
vt 0.926501 0.299390
vt 0.942178 0.338794
vt 0.927938 0.321639
vt 0.161858 0.817804
vt 0.251196 0.929678
vt 0.232332 0.911285
vt 0.247911 0.898066
vt 0.398793 0.544061
vt 0.365827 0.544918
vt 0.332698 0.511234
vt 0.408924 0.451400
vt 0.348694 0.453665
vt 0.861066 0.887125
vt 0.863370 0.894208
vt 0.845484 0.894790
vt 0.855670 0.910863
vt 0.276873 0.060331
vt 0.290280 0.041140
vt 0.279381 0.083914
vt 0.025882 0.095836
vt 0.045156 0.076373
vt 0.094788 0.092211
vt 0.092267 0.049142
vt 0.122101 0.031449
vt 0.139174 0.048662
vt 0.151252 0.092811
vt 0.156785 0.030658
vt 0.171937 0.047179
vt 0.198679 0.059900
vt 0.254113 0.030260
vt 0.255327 0.066652
vt 0.316337 0.181855
vt 0.363088 0.175524
vt 0.343603 0.218639
vt 0.364339 0.147091
vt 0.391069 0.181435
vt 0.388461 0.229327
vt 0.429921 0.208613
vt 0.404266 0.162643
vt 0.448439 0.166015
vt 0.435208 0.121400
vt 0.392409 0.143010
vt 0.349773 0.101276
vt 0.334314 0.044897
vt 0.343408 0.071953
vt 0.366013 0.562388
vt 0.295308 0.579775
vt 0.855244 0.970169
vt 0.988334 0.131639
vt 0.749794 0.062856
vt 0.735972 0.077050
vt 0.729744 0.060942
vt 0.527864 0.421260
vt 0.727214 0.129912
vt 0.987495 0.915931
vt 0.962553 0.725034
vt 0.964837 0.714995
vt 0.971837 0.740271
vt 0.989719 0.774723
vt 0.983406 0.225103
vt 0.878902 0.247162
vt 0.436325 0.250410
vt 0.456120 0.916067
vt 0.554586 0.970899
vt 0.679005 0.151510
vt 0.457176 0.928331
vt 0.422147 0.803072
vt 0.511112 0.162851
vt 0.428544 0.259897
vt 0.439597 0.785275
vt 0.421461 0.783938
vt 0.408465 0.750293
vt 0.421430 0.783936
vt 0.378498 0.692225
vt 0.757995 0.669826
vt 0.517320 0.451071
vt 0.486762 0.430769
vt 0.427823 0.260583
vt 0.854736 0.288122
vt 0.865452 0.516124
vt 0.442946 0.874182
vt 0.544419 0.913454
vt 0.063595 0.628399
vt 0.160966 0.534190
vt 0.058499 0.118066
vt 0.284103 0.117147
vt 0.255866 0.584393
vt 0.277991 0.649329
vt 0.280245 0.117415
vt 0.349602 0.347159
vt 0.986315 0.019164
vt 0.992069 0.023801
vt 0.908678 0.049114
vt 0.164155 0.624439
vt 0.959132 0.272304
vt 0.429207 0.507666
vt 0.863552 0.916828
vt 0.835520 0.906241
vt 0.312974 0.034909
vt 0.023927 0.038037
vt 0.075355 0.031220
vt 0.202048 0.029073
vt 0.317498 0.135450
vt 0.396264 0.095739
vt 0.324388 0.099398
vt 0.295623 0.100314
s 0
usemtl shell:quest2ControllerMAT
f 4/1/1 1/2/2 5/3/3
f 6/4/4 4/1/5 5/3/6
f 7/5/7 8/6/8 11/7/9
f 7/5/10 12/8/11 8/6/12
f 11/7/13 12/8/14 9/9/15
f 14/10/16 21/11/17 20/12/18
f 26/13/19 21/14/20 23/15/21
f 26/13/22 23/15/23 25/16/24
f 22/17/25 16/18/26 23/19/27
f 24/20/28 17/21/29 18/22/30
f 24/20/31 19/23/32 25/24/33
f 26/25/34 19/23/35 20/12/36
f 22/26/37 23/15/38 21/14/39
f 15/27/40 22/28/41 13/29/42
f 38/30/43 33/31/44 39/32/45
f 39/33/46 37/34/47 34/35/48
f 36/36/49 29/37/50 37/38/51
f 30/39/52 34/40/53 37/38/54
f 34/40/55 30/39/56 31/41/57
f 39/32/58 33/31/59 35/42/60
f 39/33/61 35/43/62 36/44/63
f 41/45/64 40/46/65 43/47/66
f 43/47/67 44/48/68 45/49/69
f 45/49/70 46/50/71 47/51/72
f 49/52/73 46/50/74 48/53/75
f 49/52/76 48/53/77 50/54/78
f 50/54/79 51/55/80 52/56/81
f 52/56/82 53/57/83 54/58/84
f 42/59/85 56/60/86 57/61/87
f 53/57/88 56/60/89 55/62/88
f 62/63/90 63/64/90 64/65/90
f 65/66/91 63/67/92 66/68/93
f 67/69/94 63/67/95 68/70/94
f 70/71/96 71/72/97 72/73/98
f 71/72/99 74/66/100 72/73/101
f 75/74/102 78/75/103 76/76/104
f 78/75/105 80/65/106 79/77/106
f 82/78/107 84/79/108 83/80/109
f 82/78/110 86/81/111 84/79/112
f 87/82/113 89/83/114 90/84/115
f 90/84/116 91/85/117 92/86/118
f 94/87/119 93/88/119 96/89/119
f 98/90/120 97/91/120 100/92/120
f 102/70/121 101/93/121 103/94/121
f 105/94/122 104/95/122 107/87/122
f 109/96/123 108/97/123 111/98/123
f 113/99/124 112/100/124 115/97/124
f 117/101/125 116/102/125 119/91/125
f 121/103/126 120/104/126 123/102/126
f 125/105/127 124/98/127 127/104/127
f 131/63/128 130/106/128 63/64/128
f 134/107/129 133/108/129 135/106/129
f 137/109/130 136/110/130 139/108/130
f 141/111/131 140/112/131 143/113/131
f 145/113/132 144/114/132 147/115/132
f 149/115/133 148/116/133 151/117/133
f 153/117/134 152/118/134 155/119/134
f 157/82/135 156/120/135 159/121/135
f 161/119/136 160/120/136 163/122/136
f 166/123/137 165/124/138 168/125/139
f 170/126/140 167/127/141 169/128/142
f 171/129/143 169/128/144 172/130/143
f 176/131/145 173/132/146 177/133/147
f 176/131/148 179/134/149 178/135/150
f 178/135/151 180/77/152 181/136/152
f 185/137/153 183/138/154 184/139/155
f 184/139/156 187/140/157 185/137/158
f 186/141/159 189/142/160 187/140/161
f 190/143/162 188/144/163 191/145/162
f 193/146/164 194/147/165 195/148/166
f 195/148/167 197/149/168 196/150/169
f 196/150/170 197/149/171 199/151/172
f 199/151/173 198/152/174 201/153/175
f 203/154/176 202/155/177 204/156/178
f 204/156/179 202/155/180 213/157/181
f 210/158/182 209/159/183 211/160/184
f 215/161/185 205/162/186 214/163/187
f 213/157/188 218/164/189 211/160/190
f 214/163/191 219/165/192 215/161/193
f 218/164/194 215/161/195 219/165/196
f 221/166/197 217/167/198 220/168/199
f 218/164/200 222/169/201 225/170/202
f 223/171/203 221/166/204 220/168/205
f 222/169/206 224/172/207 225/170/208
f 218/164/209 225/170/210 211/160/211
f 211/160/212 225/170/213 212/173/214
f 226/174/215 225/170/216 224/172/217
f 224/172/218 227/175/219 226/174/220
f 228/176/221 227/175/222 229/177/223
f 227/175/224 224/172/225 229/177/226
f 224/172/227 222/169/228 223/171/229
f 229/177/230 223/171/231 232/178/232
f 231/179/233 232/178/234 236/180/235
f 234/181/236 230/182/237 233/183/238
f 234/181/239 233/183/240 235/184/241
f 41/45/242 235/184/243 237/185/244
f 237/185/245 240/186/246 41/45/247
f 234/181/248 238/187/249 236/180/250
f 240/186/251 239/188/252 55/62/253
f 236/180/254 238/187/255 231/179/256
f 241/189/257 229/177/258 231/179/259
f 227/175/260 228/176/261 246/190/262
f 244/191/263 245/192/264 252/193/265
f 248/194/266 246/190/267 252/193/268
f 252/193/269 246/190/270 244/191/271
f 55/62/272 250/195/273 247/196/274
f 239/188/275 249/197/276 250/195/277
f 252/193/278 250/195/279 251/198/280
f 252/193/281 251/198/282 254/199/283
f 255/200/284 256/201/285 281/202/286
f 257/203/287 255/200/288 281/202/289
f 281/202/290 283/204/291 257/203/292
f 281/202/293 256/201/294 279/205/295
f 261/206/296 259/207/297 260/208/298
f 260/208/299 262/209/300 261/206/301
f 274/210/302 261/206/303 262/209/304
f 263/211/305 264/212/306 266/213/307
f 264/212/308 265/214/309 268/215/310
f 268/215/311 267/216/312 306/217/313
f 269/218/314 268/215/315 270/219/316
f 268/215/317 271/220/318 270/219/319
f 274/210/320 273/221/321 275/222/322
f 261/206/323 274/210/324 276/223/325
f 277/224/326 276/223/327 278/225/328
f 280/226/329 281/202/330 279/205/331
f 282/227/332 283/204/333 281/202/334
f 283/204/335 284/228/336 285/229/337
f 284/228/338 286/230/339 285/229/340
f 287/231/341 290/232/342 288/233/343
f 292/234/344 293/235/345 297/236/346
f 292/234/347 294/237/348 295/238/349
f 294/237/350 297/236/351 298/239/352
f 293/235/353 296/240/354 297/236/355
f 298/239/356 299/241/357 301/242/358
f 299/241/359 296/240/360 300/243/361
f 299/241/362 300/243/363 302/244/364
f 303/245/365 299/241/366 305/246/367
f 299/241/368 302/244/369 305/246/370
f 302/244/371 304/247/372 306/217/373
f 305/246/374 306/217/375 267/216/376
f 271/220/377 306/217/378 304/247/379
f 309/248/380 307/249/381 308/250/382
f 311/251/383 308/250/384 310/252/385
f 313/253/386 310/252/387 312/254/388
f 312/254/389 314/255/390 318/256/391
f 318/256/392 317/257/393 319/258/394
f 316/259/395 320/260/396 322/261/397
f 322/261/398 320/260/399 324/262/400
f 324/262/401 323/263/402 326/264/403
f 326/264/404 325/265/405 327/266/406
f 327/266/407 325/265/408 329/267/409
f 331/268/410 332/269/411 333/270/412
f 333/270/413 334/271/414 335/272/415
f 335/272/416 336/273/417 340/274/418
f 340/274/419 336/273/420 337/275/421
f 337/275/422 338/276/423 340/274/424
f 341/277/425 340/274/426 338/276/427
f 341/277/428 345/278/429 346/279/430
f 340/274/431 346/279/432 348/280/433
f 349/281/434 347/282/435 351/283/436
f 350/284/437 351/283/438 353/285/439
f 352/286/440 353/285/441 355/287/442
f 342/288/443 337/275/444 343/289/445
f 358/290/446 359/291/446 357/292/446
f 361/293/447 360/294/447 363/295/447
f 367/296/448 364/295/449 366/297/450
f 369/298/451 366/297/452 368/299/453
f 371/300/454 368/299/455 370/301/456
f 372/302/457 370/301/458 373/303/459
f 374/304/460 373/303/461 375/305/462
f 376/306/463 375/305/464 377/307/465
f 378/308/466 380/309/467 379/310/468
f 383/311/469 378/308/470 381/312/471
f 383/311/472 382/313/473 384/314/473
f 386/315/474 389/316/475 387/317/476
f 388/318/477 391/319/478 389/316/479
f 393/320/480 390/321/481 392/322/482
f 393/320/483 394/323/484 395/324/485
f 395/324/486 397/325/487 396/326/488
f 396/326/489 398/327/490 399/328/491
f 399/328/492 400/329/493 401/330/494
f 401/330/495 402/331/496 403/332/497
f 403/332/498 404/333/499 405/334/500
f 405/334/501 406/335/502 407/336/503
f 407/336/504 408/337/505 409/338/506
f 409/338/507 410/339/508 411/340/509
f 411/340/510 413/341/511 412/290/511
f 414/342/512 415/343/513 417/344/514
f 416/345/515 419/346/516 418/347/517
f 419/346/518 414/342/519 417/344/520
f 414/342/521 419/346/522 416/345/523
f 421/348/524 426/349/525 425/350/526
f 426/349/527 421/348/528 429/351/529
f 425/350/530 420/352/531 428/353/532
f 421/348/533 427/354/534 429/351/535
f 430/355/536 429/351/537 427/354/538
f 430/355/539 427/354/540 423/356/541
f 422/357/542 424/358/543 428/353/544
f 423/356/545 431/359/546 430/355/547
f 435/360/548 433/361/549 434/362/550
f 435/360/551 436/363/552 437/364/553
f 438/365/554 436/363/555 439/366/556
f 438/365/557 440/367/558 441/368/559
f 443/369/560 440/367/561 442/370/562
f 445/371/563 442/370/564 444/372/565
f 445/371/566 446/373/567 447/374/568
f 447/374/569 446/373/570 449/375/571
f 449/375/572 448/376/573 450/377/574
f 450/377/575 452/378/576 449/375/577
f 452/378/578 451/379/579 453/380/579
f 456/381/580 457/382/581 455/383/580
f 457/382/582 458/384/583 459/385/584
f 459/385/585 460/386/586 461/387/587
f 461/387/588 462/388/589 463/389/590
f 463/389/591 464/390/592 465/391/593
f 465/391/594 466/392/595 467/393/596
f 469/394/597 466/392/598 468/395/599
f 471/396/600 468/395/601 470/397/602
f 471/396/603 472/398/604 473/399/605
f 473/399/606 474/400/607 475/401/607
f 530/402/608 488/403/609 479/404/610
f 488/403/611 476/405/611 505/406/611
f 505/406/612 476/405/612 501/407/612
f 488/403/613 477/408/613 479/404/613
f 479/404/614 477/408/614 478/409/614
f 480/410/615 482/411/615 478/409/615
f 528/412/616 481/413/616 483/414/616
f 481/413/617 528/412/617 529/415/617
f 479/404/618 478/409/618 482/411/618
f 481/413/619 482/411/619 480/410/619
f 528/412/620 483/414/620 583/416/620
f 528/412/621 583/416/621 485/417/621
f 528/412/622 485/417/623 486/418/624
f 495/419/625 497/420/625 487/421/625
f 500/422/626 495/419/626 487/421/627
f 486/418/628 503/423/628 528/412/628
f 503/423/629 486/418/630 489/424/629
f 503/423/631 489/424/631 490/425/631
f 490/425/632 491/426/632 492/427/632
f 490/425/633 492/427/633 493/428/634
f 493/428/635 494/429/636 490/425/637
f 495/419/638 496/430/639 497/420/638
f 496/430/640 495/419/641 499/431/642
f 499/431/643 495/419/644 498/432/645
f 487/421/646 501/407/646 532/433/646
f 500/422/647 494/429/647 495/419/647
f 494/429/648 500/422/648 488/403/648
f 527/434/649 494/429/649 529/415/649
f 494/429/650 488/403/650 530/402/650
f 481/413/651 529/415/651 482/411/651
f 495/435/652 494/436/653 498/437/654
f 500/422/655 487/421/655 532/433/655
f 501/407/656 476/405/656 532/433/656
f 506/438/657 507/439/657 509/440/657
f 507/439/657 510/441/657 512/442/657
f 511/443/657 507/439/657 513/444/657
f 507/439/657 514/445/657 515/446/657
f 507/439/657 515/446/657 513/444/657
f 516/447/657 517/448/657 518/449/657
f 516/447/657 520/450/657 522/451/657
f 521/452/657 516/447/657 523/453/657
f 516/447/657 522/451/657 524/454/657
f 525/455/657 516/447/657 524/454/657
f 529/415/658 494/429/658 530/402/658
f 490/425/659 526/456/660 503/423/659
f 503/423/661 526/456/662 528/412/663
f 528/412/664 526/456/665 527/434/666
f 529/415/667 479/404/668 482/411/669
f 476/405/670 531/457/671 532/433/672
f 504/458/673 488/403/674 533/459/675
f 536/460/676 535/461/677 534/462/678
f 539/463/679 536/460/680 537/464/681
f 543/465/682 540/466/683 541/467/684
f 543/465/685 545/468/686 540/466/687
f 549/469/688 547/470/689 582/471/690
f 554/472/691 553/473/692 555/474/693
f 553/473/694 559/475/695 555/474/696
f 559/475/697 558/476/698 562/477/699
f 555/474/700 562/477/701 561/478/702
f 562/477/703 560/479/704 564/480/705
f 566/481/706 562/477/707 564/480/708
f 565/482/709 567/483/710 566/481/711
f 566/481/712 567/483/713 561/478/714
f 568/484/715 573/485/716 569/486/717
f 568/484/718 572/487/719 573/485/720
f 569/486/721 574/488/722 571/489/723
f 571/489/724 574/488/725 575/490/726
f 575/490/727 577/491/728 576/492/729
f 578/493/730 577/491/731 579/494/732
f 581/495/733 579/494/734 572/487/735
f 582/471/736 548/496/737 550/497/738
f 4/1/739 3/498/740 1/2/741
f 6/4/742 2/499/743 4/1/744
f 11/7/745 8/6/746 10/500/747
f 7/5/748 9/9/749 12/8/750
f 11/7/751 10/500/752 12/8/753
f 14/10/754 13/501/755 21/11/755
f 22/502/756 21/503/757 13/504/757
f 23/15/758 24/505/759 25/16/760
f 22/17/761 15/506/762 16/18/763
f 23/19/764 16/18/765 17/21/766
f 24/20/767 23/19/768 17/21/769
f 24/20/770 18/22/771 19/23/772
f 26/25/773 25/24/774 19/23/775
f 21/11/776 26/25/777 20/12/778
f 38/30/779 32/507/780 33/31/781
f 39/33/782 36/44/783 37/34/784
f 35/508/785 33/509/786 27/510/787
f 36/36/788 27/510/789 28/511/790
f 36/36/791 28/511/792 29/37/793
f 37/38/794 29/37/795 30/39/796
f 38/30/797 34/40/798 31/41/799
f 31/41/800 32/507/801 38/30/802
f 38/512/803 39/33/804 34/35/805
f 36/44/806 35/43/807 27/513/808
f 41/45/64 42/59/64 40/46/809
f 43/47/810 40/46/811 44/48/812
f 45/49/813 44/48/814 46/50/815
f 49/52/816 47/51/817 46/50/818
f 50/54/819 48/53/820 51/55/821
f 52/56/822 51/55/823 53/57/824
f 55/62/825 54/58/826 53/57/827
f 42/59/828 41/45/828 56/60/829
f 53/57/830 57/61/831 56/60/832
f 67/69/91 66/68/833 63/67/834
f 70/71/835 69/514/836 71/72/837
f 71/72/838 73/129/839 74/66/839
f 78/75/840 75/74/841 77/63/842
f 78/75/843 77/63/844 80/65/845
f 83/80/846 81/515/847 82/78/848
f 82/78/849 85/516/850 86/81/851
f 87/82/852 88/517/852 89/83/853
f 90/84/854 89/83/855 91/85/856
f 94/87/130 95/95/130 93/88/130
f 98/90/857 99/101/857 97/91/857
f 102/70/128 63/67/128 101/93/128
f 105/94/129 106/93/129 104/95/129
f 109/96/858 110/99/858 108/97/858
f 113/99/859 114/518/859 112/100/859
f 117/101/860 118/103/860 116/102/860
f 121/103/861 122/105/861 120/104/861
f 125/105/862 126/96/862 124/98/862
f 131/63/863 129/107/863 130/106/863
f 134/107/864 132/109/864 133/108/864
f 137/109/865 138/519/865 136/110/865
f 141/111/859 142/520/859 140/112/859
f 145/113/858 146/112/858 144/114/858
f 149/115/862 150/114/862 148/116/862
f 153/117/861 154/116/861 152/118/861
f 157/82/866 158/122/866 156/120/866
f 161/119/860 162/118/860 160/120/860
f 166/123/867 164/521/867 165/124/868
f 165/124/869 167/127/870 168/125/871
f 170/126/872 168/125/873 167/127/874
f 171/129/875 170/126/876 169/128/877
f 174/522/878 175/523/879 173/132/879
f 176/131/880 174/522/881 173/132/882
f 176/131/883 177/133/884 179/134/885
f 178/135/886 179/134/887 180/77/888
f 185/137/889 182/517/890 183/138/890
f 184/139/891 186/141/892 187/140/893
f 186/141/894 188/144/895 189/142/896
f 190/143/897 189/142/898 188/144/899
f 193/146/900 192/231/900 194/147/901
f 195/148/902 194/147/903 197/149/904
f 199/151/905 197/149/906 198/152/907
f 201/153/908 198/152/909 200/238/910
f 202/155/911 205/162/912 213/157/913
f 204/156/914 206/524/915 207/525/916
f 206/524/917 204/156/918 213/157/919
f 206/524/920 213/157/921 208/526/922
f 213/157/923 209/159/924 208/526/925
f 212/173/926 210/158/927 211/160/928
f 211/160/929 209/159/930 213/157/931
f 215/161/932 213/157/933 205/162/934
f 218/164/935 213/157/936 215/161/937
f 214/163/938 216/527/939 219/165/940
f 219/165/941 216/527/942 217/167/943
f 218/164/944 219/165/945 221/166/946
f 221/166/947 219/165/948 217/167/949
f 218/164/950 221/166/951 222/169/952
f 223/171/953 222/169/954 221/166/955
f 226/174/956 212/173/957 225/170/958
f 229/177/959 224/172/960 223/171/961
f 232/178/962 223/171/963 220/168/964
f 229/177/965 232/178/966 231/179/967
f 232/178/968 220/168/969 230/182/970
f 234/181/971 232/178/972 230/182/973
f 236/180/974 232/178/975 234/181/976
f 41/45/977 234/181/978 235/184/979
f 234/181/980 41/45/981 238/187/982
f 237/185/983 239/188/984 240/186/985
f 231/179/986 238/187/987 241/189/988
f 241/189/989 228/176/990 229/177/991
f 228/176/992 241/189/993 242/528/994
f 228/176/995 242/528/996 243/529/997
f 246/190/998 228/176/999 243/529/1000
f 243/529/1001 244/191/1002 246/190/1003
f 247/196/1004 252/193/1005 245/192/1006
f 55/62/1007 239/188/1008 250/195/1009
f 247/196/1010 250/195/1011 252/193/1012
f 254/199/1013 248/194/1014 252/193/1015
f 254/199/1016 251/198/1017 253/530/1018
f 279/205/1019 256/201/1020 258/531/1021
f 259/207/1022 279/205/1023 258/531/1024
f 277/224/1025 279/205/1026 259/207/1027
f 261/206/1028 277/224/1029 259/207/1030
f 262/209/1031 263/211/1032 266/213/1033
f 266/213/1034 274/210/1035 262/209/1036
f 264/212/1037 263/211/1038 265/214/1039
f 266/213/1040 264/212/1041 268/215/1042
f 268/215/1043 265/214/1044 267/216/1045
f 269/218/1046 266/213/1047 268/215/1048
f 271/220/1049 268/215/1050 306/217/1051
f 266/213/1052 269/218/1053 272/532/1054
f 273/221/1055 266/213/1056 272/532/1057
f 274/210/1058 266/213/1059 273/221/1060
f 276/223/1061 274/210/1062 275/222/1063
f 277/224/1064 261/206/1065 276/223/1066
f 279/205/1067 277/224/1068 278/225/1069
f 278/225/1070 280/226/1071 279/205/1072
f 280/226/1073 282/227/1074 281/202/1075
f 283/204/1076 282/227/1077 284/228/1078
f 287/231/1079 289/533/1080 290/232/1081
f 291/534/1082 288/233/1083 290/232/1084
f 291/534/1085 290/232/1086 292/234/1087
f 292/234/1088 290/232/1089 293/235/1090
f 297/236/1091 294/237/1092 292/234/1093
f 299/241/1094 297/236/1095 296/240/1096
f 298/239/1097 297/236/1098 299/241/1099
f 303/245/1100 301/242/1101 299/241/1102
f 303/245/1103 305/246/1104 267/216/1105
f 305/246/1106 302/244/1107 306/217/1108
f 311/251/1109 309/248/1110 308/250/1111
f 313/253/1112 311/251/1113 310/252/1114
f 318/256/1115 313/253/1116 312/254/1117
f 316/259/1118 314/255/1119 312/254/1120
f 318/256/1121 314/255/1122 315/535/1123
f 318/256/1124 315/535/1125 317/257/1126
f 316/259/1127 312/254/1128 320/260/1129
f 321/536/1130 316/259/1131 322/261/1132
f 324/262/1133 320/260/1134 323/263/1135
f 326/264/1136 323/263/1137 325/265/1138
f 329/267/1139 325/265/1140 328/537/1141
f 331/268/1142 330/538/1143 332/269/1144
f 333/270/1145 332/269/1146 334/271/1147
f 335/272/1148 334/271/1149 336/273/1150
f 337/275/1151 339/539/1152 338/276/1153
f 342/288/1154 339/539/1155 337/275/1156
f 344/540/1157 342/288/1158 343/289/1159
f 340/274/1160 341/277/1161 346/279/1162
f 348/280/1163 346/279/1164 347/282/1165
f 349/281/1166 348/280/1167 347/282/1168
f 350/284/1169 349/281/1170 351/283/1171
f 352/286/1172 350/284/1173 353/285/1174
f 355/287/1175 354/541/1176 352/286/1177
f 358/290/1178 356/341/1178 359/291/1178
f 361/293/1179 362/542/1179 360/294/1179
f 367/296/1180 365/293/1181 364/295/1181
f 369/298/1182 367/296/1183 366/297/1184
f 371/300/1185 369/298/1186 368/299/1187
f 372/302/1188 371/300/1189 370/301/1190
f 374/304/1191 372/302/1192 373/303/1193
f 376/306/1194 374/304/1195 375/305/1196
f 379/310/1197 376/306/1198 377/307/1199
f 379/310/1200 377/307/1201 378/308/1202
f 383/311/1203 380/309/1204 378/308/1205
f 383/311/1206 381/312/1207 382/313/1208
f 387/317/1209 385/543/1209 386/315/1210
f 386/315/1211 388/318/1212 389/316/1213
f 388/318/1214 390/321/1215 391/319/1216
f 393/320/1217 391/319/1218 390/321/1219
f 393/320/1220 392/322/1221 394/323/1222
f 395/324/1223 394/323/1224 397/325/1225
f 396/326/1226 397/325/1227 398/327/1228
f 399/328/1229 398/327/1230 400/329/1231
f 401/330/1232 400/329/1233 402/331/1234
f 403/332/1235 402/331/1236 404/333/1237
f 405/334/1238 404/333/1239 406/335/1240
f 407/336/1241 406/335/1242 408/337/1243
f 409/338/1244 408/337/1245 410/339/1246
f 411/340/1247 410/339/1248 413/341/1249
f 425/350/1250 426/349/1251 420/352/1252
f 428/353/1253 420/352/1254 422/357/1255
f 431/359/1256 424/358/1257 422/357/1258
f 423/356/1259 424/358/1260 431/359/1261
f 435/360/1262 432/544/1263 433/361/1263
f 435/360/1264 434/362/1265 436/363/1266
f 438/365/1267 437/364/1268 436/363/1269
f 438/365/1270 439/366/1271 440/367/1272
f 443/369/1273 441/368/1274 440/367/1275
f 445/371/1276 443/369/1277 442/370/1278
f 445/371/1279 444/372/1280 446/373/1281
f 446/373/1282 448/376/1283 449/375/1284
f 450/377/1285 451/379/1286 452/378/1287
f 456/381/1288 454/545/1289 457/382/1290
f 457/382/1291 454/545/1292 458/384/1293
f 459/385/1294 458/384/1295 460/386/1296
f 461/387/1297 460/386/1298 462/388/1299
f 463/389/1300 462/388/1301 464/390/1302
f 465/391/1303 464/390/1304 466/392/1305
f 469/394/1306 467/393/1307 466/392/1308
f 471/396/1309 469/394/1310 468/395/1311
f 471/396/1312 470/397/1313 472/398/1314
f 473/399/1315 472/398/1316 474/400/1317
f 488/403/1318 505/406/1318 477/408/1318
f 498/432/1319 494/429/1320 493/428/1321
f 493/428/1322 499/431/1323 498/432/1324
f 527/434/1325 526/456/1325 494/429/1325
f 528/412/1326 527/434/1326 529/415/1326
f 507/439/657 508/546/657 510/441/657
f 511/443/657 509/440/657 507/439/657
f 507/439/657 512/442/657 514/445/657
f 516/447/657 518/449/657 520/450/657
f 521/452/657 519/547/657 516/447/657
f 525/455/657 523/453/657 516/447/657
f 490/425/1327 494/429/1328 526/456/1328
f 529/415/1329 530/402/1330 479/404/1331
f 476/405/1332 488/403/1333 504/458/1334
f 533/459/1335 488/403/1336 500/422/1337
f 536/460/1338 534/462/1339 537/464/1340
f 539/463/1341 538/548/1342 536/460/1343
f 543/465/1344 542/549/1345 545/468/1346
f 544/550/1347 543/465/1348 541/467/1349
f 545/468/1350 542/549/1351 544/550/1352
f 544/550/1353 541/467/1354 545/468/1355
f 548/496/1356 547/470/1357 546/551/1358
f 547/470/1359 548/496/1360 582/471/1361
f 556/552/1362 557/553/1363 553/473/1364
f 559/475/1365 553/473/1366 557/553/1367
f 559/475/1368 557/553/1369 558/476/1370
f 555/474/1371 559/475/1372 562/477/1373
f 562/477/1374 558/476/1375 560/479/1376
f 560/479/1377 563/554/1378 564/480/1379
f 566/481/1380 561/478/1381 562/477/1382
f 566/481/1383 564/480/1384 563/554/1385
f 565/482/1386 566/481/1387 563/554/1388
f 568/484/1389 570/555/1390 572/487/1391
f 569/486/1392 573/485/1393 574/488/1394
f 575/490/1395 574/488/1396 577/491/1397
f 578/493/1398 576/492/1399 577/491/1400
f 580/556/1401 578/493/1402 579/494/1403
f 581/495/1404 580/556/1405 579/494/1406
f 570/555/1407 581/495/1408 572/487/1409
f 582/471/1410 550/497/1411 551/557/1412
f 552/558/1413 582/471/1414 551/557/1415
l 58 59
l 61 60
l 66 128
l 484 502
